0.000000     1.000000     1.000000
0.020000     1.010203     1.010203
0.040000     1.020825     1.020825
0.060000     1.031885     1.031885
0.080000     1.043406     1.043406
0.100000     1.055409     1.055409
0.120000     1.067920     1.067920
0.140000     1.080964     1.080964
0.160000     1.094571     1.094571
0.180000     1.108770     1.108770
0.200000     1.123596     1.123596
0.220000     1.139082     1.139082
0.240000     1.155268     1.155268
0.260000     1.172196     1.172196
0.280000     1.189910     1.189910
0.300000     1.208459     1.208459
0.320000     1.227898     1.227898
0.340000     1.248284     1.248284
0.360000     1.269680     1.269680
0.380000     1.292157     1.292157
0.400000     1.315789     1.315789
0.420000     1.340662     1.340662
0.440000     1.366867     1.366867
0.460000     1.394506     1.394506
0.480000     1.423690     1.423690
0.500000     1.454545     1.454545
0.520000     1.487210     1.487210
0.540000     1.521838     1.521838
0.560000     1.558603     1.558603
0.580000     1.597699     1.597699
0.600000     1.639344     1.639344
0.620000     1.683785     1.683785
0.640000     1.731302     1.731302
0.660000     1.782214     1.782214
0.680000     1.836885     1.836885
0.700000     1.895735     1.895735
0.720000     1.959248     1.959248
0.740000     2.027986     2.027986
0.760000     2.102607     2.102607
0.780000     2.183883     2.183883
0.800000     2.272727     2.272727
0.820000     2.370230     2.370230
0.840000     2.477701     2.477701
0.860000     2.596728     2.596728
0.880000     2.729258     2.729258
0.900000     2.877698     2.877698
0.920000     3.045067     3.045067
0.940000     3.235199     3.235199
0.960000     3.453039     3.453039
0.980000     3.705076     3.705076
1.000000     4.000000     4.000000
1.020000     4.349717     4.349716
1.040000     4.770992     4.770991
1.060000     5.288207     5.288204
1.080000     5.938242     5.938236
1.100000     6.779661     6.779648
1.120000     7.911392     7.911358
1.140000     9.514748     9.514646
1.160000     11.961722     11.961343
1.180000     16.155089     16.153095
1.200000     25.000000     24.980934
1.220000     55.865922     55.163311
1.240000     -227.272727     1263.131881
1.260000     -37.174721     549142827651139960832.000000
1.280000     -20.161290     590760372310206647688849480015518364539844773257886777653027983388411016648264731731464845396612762837297343333532898609397893120779363178990282392908513933163332884239599550576553510907899254549767439424245566641454968940525713818073845564480486606635321537168242566246095108415941683263750340167598080.000000
1.300000     -13.793103     inf
1.320000     -10.460251     inf
1.340000     -8.410429     inf
1.360000     -7.022472     inf
1.380000     -6.020470     inf
1.400000     -5.263158     inf
1.420000     -4.670715     inf
1.440000     -4.194631     inf
1.460000     -3.803728     inf
1.480000     -3.477051     inf
1.500000     -3.200000     inf
1.520000     -2.962085     inf
1.540000     -2.755580     inf
1.560000     -2.574665     inf
1.580000     -2.414876     inf
1.600000     -2.272727     inf
1.620000     -2.145462     inf
1.640000     -2.030869     inf
1.660000     -1.927154     inf
1.680000     -1.832845     inf
1.700000     -1.746725     inf
1.720000     -1.667779     inf
1.740000     -1.595151     inf
1.760000     -1.528117     inf
1.780000     -1.466061     inf
1.800000     -1.408451     inf
1.820000     -1.354830     inf
1.840000     -1.304802     inf
1.860000     -1.258020     inf
1.880000     -1.214182     inf
1.900000     -1.173021     inf
1.920000     -1.134301     inf
1.940000     -1.097815     inf
1.960000     -1.063377     inf
1.980000     -1.030822     inf
