0.020000     0.003766     -0.000002
0.030000     0.005647     0.000000
0.040000     0.007523     0.001958
0.050000     0.009395     0.003913
0.060000     0.011261     0.005862
0.070000     0.013120     0.007804
0.080000     0.014970     0.009739
0.090000     0.016811     0.011664
0.100000     0.018642     0.013580
0.110000     0.020460     0.015484
0.120000     0.022265     0.017375
0.130000     0.024057     0.019253
0.140000     0.025832     0.021116
0.150000     0.027592     0.022962
0.160000     0.029333     0.024792
0.170000     0.031055     0.026603
0.180000     0.032758     0.028394
0.190000     0.034439     0.030164
0.200000     0.036098     0.031913
0.210000     0.037733     0.033638
0.220000     0.039343     0.035339
0.230000     0.040927     0.037014
0.240000     0.042485     0.038663
0.250000     0.044014     0.040284
0.260000     0.045513     0.041875
0.270000     0.046982     0.043437
0.280000     0.048420     0.044967
0.290000     0.049824     0.046465
0.300000     0.051195     0.047929
0.310000     0.052530     0.049358
0.320000     0.053829     0.050752
0.330000     0.055091     0.052108
0.340000     0.056314     0.053426
0.350000     0.057498     0.054705
0.360000     0.058641     0.055943
0.370000     0.059742     0.057140
0.380000     0.060800     0.058293
0.390000     0.061814     0.059404
0.400000     0.062783     0.060469
0.410000     0.063705     0.061488
0.420000     0.064581     0.062460
0.430000     0.065407     0.063384
0.440000     0.066184     0.064258
0.450000     0.066911     0.065082
0.460000     0.067586     0.065854
0.470000     0.068208     0.066574
0.480000     0.068776     0.067240
0.490000     0.069290     0.067852
0.500000     0.069747     0.068408
0.510000     0.070147     0.068906
0.520000     0.070490     0.069347
0.530000     0.070773     0.069729
0.540000     0.070997     0.070051
0.550000     0.071159     0.070313
0.560000     0.071259     0.070512
0.570000     0.071296     0.070648
0.580000     0.071269     0.070719
0.590000     0.071177     0.070726
0.600000     0.071018     0.070667
0.610000     0.070793     0.070541
0.620000     0.070499     0.070346
0.630000     0.070137     0.070083
0.640000     0.069704     0.069750
0.650000     0.069201     0.069345
0.660000     0.068625     0.068869
0.670000     0.067977     0.068320
0.680000     0.067255     0.067697
0.690000     0.066458     0.066999
0.700000     0.065585     0.066225
0.710000     0.064636     0.065375
0.720000     0.063610     0.064448
0.730000     0.062505     0.063441
0.740000     0.061320     0.062356
0.750000     0.060056     0.061190
0.760000     0.058711     0.059943
0.770000     0.057284     0.058615
0.780000     0.055774     0.057203
0.790000     0.054180     0.055708
0.800000     0.052502     0.054128
0.810000     0.050739     0.052462
0.820000     0.048890     0.050711
0.830000     0.046954     0.048872
0.840000     0.044930     0.046945
0.850000     0.042818     0.044930
0.860000     0.040616     0.042825
0.870000     0.038325     0.040630
0.880000     0.035942     0.038344
0.890000     0.033468     0.035966
0.900000     0.030902     0.033496
0.910000     0.028242     0.030932
0.920000     0.025489     0.028274
0.930000     0.022641     0.025521
0.940000     0.019698     0.022673
0.950000     0.016659     0.019728
0.960000     0.013523     0.016687
0.970000     0.010290     0.013547
0.980000     0.006959     0.010310
0.990000     0.003529     0.006973
1.000000     0.000000     0.003537
