
# Surface 0 of 1 surfaces

# Curve title: "sin(1.3*x)*cos(0.9*y)+cos(.8*x)*sin(1.9*y)+cos(y*.2*x)"

# Contour 0, label:        2
-0.00263681  4.09396  2 
-0.00591755  4.07383  2 
-0.0104464  4.05369  2 
-0.016181  4.03356  2 
-0.0230816  4.01342  2 
-0.03111  3.99329  2 
-0.0402301  3.97315  2 
-0.0504075  3.95302  2 
-0.0505051  3.95285  2 
-0.0622787  3.93289  2 
-0.0751797  3.91275  2 
-0.0890691  3.89262  2 
-0.10101  3.87645  2 
-0.104102  3.87248  2 
-0.120867  3.85235  2 
-0.138534  3.83221  2 
-0.151515  3.81815  2 
-0.157456  3.81208  2 
-0.178138  3.79195  2 
-0.199611  3.77181  2 
-0.20202  3.76965  2 
-0.223333  3.75168  2 
-0.24793  3.73154  2 
-0.252525  3.72791  2 
-0.274894  3.71141  2 
-0.302803  3.69128  2 
-0.30303  3.69112  2 
-0.33381  3.67114  2 
-0.353535  3.65856  2 
-0.366432  3.65101  2 
-0.401351  3.63087  2 
-0.40404  3.62935  2 
-0.440159  3.61074  2 
-0.454545  3.60339  2 
-0.482439  3.5906  2 
-0.505051  3.5803  2 
-0.529458  3.57047  2 
-0.555556  3.55999  2 
-0.583324  3.55034  2 
-0.606061  3.54243  2 
-0.647786  3.5302  2 
-0.656566  3.52762  2 
-0.707071  3.51576  2 
-0.739684  3.51007  2 
-0.757576  3.50692  2 
-0.808081  3.50146  2 
-0.858586  3.4997  2 
-0.909091  3.5022  2 
-0.959596  3.50968  2 

-0.959596  3.50968  2 
-0.961133  3.51007  2 
-1.0101  3.52352  2 
-1.02666  3.5302  2 
-1.06061  3.54536  2 
-1.06904  3.55034  2 
-1.09993  3.57047  2 
-1.11111  3.5786  2 
-1.12448  3.5906  2 
-1.14458  3.61074  2 
-1.16162  3.63007  2 
-1.16221  3.63087  2 
-1.17583  3.65101  2 
-1.1878  3.67114  2 
-1.19825  3.69128  2 
-1.20729  3.71141  2 
-1.21212  3.72391  2 
-1.21471  3.73154  2 
-1.22055  3.75168  2 
-1.22535  3.77181  2 
-1.22918  3.79195  2 
-1.23207  3.81208  2 
-1.23406  3.83221  2 
-1.23519  3.85235  2 
-1.23548  3.87248  2 
-1.23496  3.89262  2 
-1.23365  3.91275  2 
-1.23158  3.93289  2 
-1.22874  3.95302  2 
-1.22517  3.97315  2 
-1.22086  3.99329  2 
-1.21581  4.01342  2 
-1.21212  4.02629  2 
-1.20987  4.03356  2 
-1.20282  4.05369  2 
-1.195  4.07383  2 
-1.1864  4.09396  2 
-1.17703  4.11409  2 
-1.16688  4.13423  2 
-1.16162  4.14389  2 
-1.15542  4.15436  2 
-1.14262  4.1745  2 
-1.12897  4.19463  2 
-1.11444  4.21477  2 
-1.11111  4.2191  2 
-1.09784  4.2349  2 
-1.07996  4.25503  2 
-1.06109  4.27517  2 
-1.06061  4.27566  2 
-1.03919  4.2953  2 
-1.01615  4.31544  2 
-1.0101  4.32047  2 
-0.989908  4.33557  2 
-0.961761  4.3557  2 
-0.959596  4.35719  2 
-0.928908  4.37584  2 
-0.909091  4.38741  2 
-0.892334  4.39597  2 
-0.858586  4.41259  2 
-0.850264  4.41611  2 
-0.808081  4.43335  2 
-0.79966  4.43624  2 
-0.757576  4.45024  2 
-0.734931  4.45638  2 
-0.707071  4.46371  2 
-0.656566  4.47403  2 
-0.639531  4.47651  2 
-0.606061  4.48126  2 
-0.555556  4.48554  2 
-0.505051  4.4869  2 
-0.454545  4.48527  2 
-0.40404  4.48052  2 
-0.378519  4.47651  2 
-0.353535  4.47233  2 
-0.30303  4.46034  2 
-0.290155  4.45638  2 
-0.252525  4.44389  2 
-0.23382  4.43624  2 
-0.20202  4.4221  2 
-0.190651  4.41611  2 
-0.155757  4.39597  2 
-0.151515  4.39329  2 
-0.127518  4.37584  2 
-0.102755  4.3557  2 
-0.10101  4.35413  2 
-0.0826553  4.33557  2 
-0.065086  4.31544  2 
-0.0505051  4.29629  2 
-0.0498215  4.2953  2 
-0.0376336  4.27517  2 
-0.0272967  4.25503  2 
-0.0187299  4.2349  2 
-0.0118584  4.21477  2 
-0.00661256  4.19463  2 
-0.00292741  4.1745  2 
-0.000742325  4.15436  2 
-5.25045e-07  4.13423  2 
-0.000648723  4.11409  2 
-0.00263681  4.09396  2 


# Contour 1, label:      1.5
-1.51508  4.03356  1.5 
-1.50906  4.05369  1.5 
-1.50267  4.07383  1.5 
-1.49588  4.09396  1.5 
-1.4887  4.11409  1.5 
-1.4811  4.13423  1.5 
-1.47309  4.15436  1.5 
-1.46465  4.17447  1.5 
-1.45529  4.19463  1.5 
-1.44547  4.21477  1.5 
-1.43516  4.2349  1.5 
-1.42432  4.25503  1.5 
-1.41414  4.27307  1.5 
-1.41289  4.27517  1.5 
-1.40035  4.2953  1.5 
-1.38722  4.31544  1.5 
-1.37346  4.33557  1.5 
-1.36364  4.34931  1.5 
-1.35879  4.3557  1.5 
-1.34289  4.37584  1.5 
-1.32625  4.39597  1.5 
-1.31313  4.41118  1.5 
-1.3086  4.41611  1.5 
-1.28935  4.43624  1.5 
-1.26923  4.45638  1.5 
-1.26263  4.46274  1.5 
-1.24732  4.47651  1.5 
-1.22401  4.49664  1.5 
-1.21212  4.50652  1.5 
-1.19884  4.51678  1.5 
-1.17177  4.53691  1.5 
-1.16162  4.5442  1.5 
-1.14224  4.55705  1.5 
-1.11111  4.57694  1.5 
-1.1107  4.57718  1.5 
-1.07533  4.59732  1.5 
-1.06061  4.60543  1.5 
-1.03671  4.61745  1.5 
-1.0101  4.63044  1.5 
-0.99396  4.63758  1.5 
-0.959596  4.65239  1.5 
-0.945851  4.65772  1.5 
-0.909091  4.67163  1.5 
-0.890649  4.67785  1.5 
-0.858586  4.68845  1.5 
-0.825859  4.69799  1.5 
-0.808081  4.70308  1.5 
-0.757576  4.71568  1.5 
-0.746122  4.71812  1.5 
-0.707071  4.72634  1.5 
-0.656566  4.73524  1.5 
-0.635351  4.73826  1.5 
-0.606061  4.74238  1.5 
-0.555556  4.74782  1.5 
-0.505051  4.7516  1.5 
-0.454545  4.75371  1.5 
-0.40404  4.75411  1.5 
-0.353535  4.75276  1.5 
-0.30303  4.7496  1.5 
-0.252525  4.74454  1.5 
-0.207402  4.73826  1.5 
-0.20202  4.73748  1.5 
-0.151515  4.72816  1.5 
-0.107752  4.71812  1.5 
-0.10101  4.7165  1.5 
-0.0505051  4.70215  1.5 
-0.0379337  4.69799  1.5 
 0  4.68478  1.5 

 0  3.58257  1.5 
-0.0156491  3.57047  1.5 
-0.0421654  3.55034  1.5 
-0.0505051  3.54411  1.5 
-0.0697886  3.5302  1.5 
-0.098096  3.51007  1.5 
-0.10101  3.50802  1.5 
-0.127771  3.48993  1.5 
-0.151515  3.47405  1.5 
-0.158124  3.4698  1.5 
-0.18975  3.44966  1.5 
-0.20202  3.44191  1.5 
-0.222485  3.42953  1.5 
-0.252525  3.41143  1.5 
-0.256073  3.4094  1.5 
-0.291266  3.38926  1.5 
-0.30303  3.38254  1.5 
-0.32774  3.36913  1.5 
-0.353535  3.3551  1.5 
-0.365417  3.34899  1.5 
-0.40404  3.32905  1.5 
-0.404443  3.32886  1.5 
-0.445741  3.30872  1.5 
-0.454545  3.3044  1.5 
-0.488915  3.28859  1.5 
-0.505051  3.28109  1.5 
-0.534278  3.26846  1.5 
-0.555556  3.25914  1.5 
-0.582304  3.24832  1.5 
-0.606061  3.23856  1.5 
-0.633655  3.22819  1.5 
-0.656566  3.21941  1.5 
-0.68928  3.20805  1.5 
-0.707071  3.20174  1.5 
-0.750578  3.18792  1.5 
-0.757576  3.18564  1.5 
-0.808081  3.17121  1.5 
-0.822092  3.16779  1.5 
-0.858586  3.15859  1.5 
-0.909091  3.14793  1.5 
-0.910836  3.14765  1.5 
-0.959596  3.13945  1.5 
-1.0101  3.13341  1.5 
-1.06061  3.13012  1.5 
-1.11111  3.13  1.5 
-1.16162  3.13358  1.5 
-1.21212  3.14159  1.5 
-1.23585  3.14765  1.5 
-1.26263  3.15501  1.5 
-1.29541  3.16779  1.5 
-1.31313  3.17529  1.5 
-1.33606  3.18792  1.5 
-1.36364  3.20466  1.5 
-1.36818  3.20805  1.5 
-1.39326  3.22819  1.5 
-1.41414  3.24688  1.5 
-1.41551  3.24832  1.5 
-1.43341  3.26846  1.5 
-1.44959  3.28859  1.5 
-1.46422  3.30872  1.5 
-1.46465  3.30935  1.5 
-1.47631  3.32886  1.5 
-1.48726  3.34899  1.5 
-1.4972  3.36913  1.5 
-1.5062  3.38926  1.5 
-1.51435  3.4094  1.5 
-1.51515  3.41155  1.5 
-1.52123  3.42953  1.5 
-1.52738  3.44966  1.5 
-1.5329  3.4698  1.5 
-1.53784  3.48993  1.5 
-1.54221  3.51007  1.5 
-1.54606  3.5302  1.5 
-1.54941  3.55034  1.5 
-1.55228  3.57047  1.5 
-1.5547  3.5906  1.5 
-1.55669  3.61074  1.5 
-1.55826  3.63087  1.5 
-1.55942  3.65101  1.5 
-1.5602  3.67114  1.5 
-1.5606  3.69128  1.5 
-1.56063  3.71141  1.5 
-1.56031  3.73154  1.5 
-1.55963  3.75168  1.5 
-1.55862  3.77181  1.5 
-1.55726  3.79195  1.5 
-1.55557  3.81208  1.5 
-1.55355  3.83221  1.5 
-1.5512  3.85235  1.5 
-1.54852  3.87248  1.5 
-1.54551  3.89262  1.5 
-1.54217  3.91275  1.5 
-1.53851  3.93289  1.5 
-1.53451  3.95302  1.5 
-1.53017  3.97315  1.5 
-1.52549  3.99329  1.5 
-1.52046  4.01342  1.5 
-1.51515  4.03329  1.5 
-1.51508  4.03356  1.5 


# Contour 2, label:        1
-1.12206  4.81879  1 
-1.11111  4.82369  1 
-1.07436  4.83893  1 
-1.06061  4.8445  1 
-1.02165  4.85906  1 
-1.0101  4.86329  1 
-0.962898  4.87919  1 
-0.959596  4.88029  1 
-0.909091  4.89565  1 
-0.895791  4.89933  1 
-0.858586  4.90952  1 
-0.818518  4.91946  1 
-0.808081  4.92203  1 
-0.757576  4.93325  1 
-0.725592  4.9396  1 
-0.707071  4.94327  1 
-0.656566  4.95211  1 
-0.606727  4.95973  1 
-0.606061  4.95983  1 
-0.555556  4.96645  1 
-0.505051  4.97197  1 
-0.454545  4.97639  1 
-0.40404  4.97971  1 
-0.400282  4.97987  1 
-0.353535  4.98188  1 
-0.30303  4.98288  1 
-0.252525  4.98265  1 
-0.20202  4.98113  1 
-0.179606  4.97987  1 
-0.151515  4.97825  1 
-0.10101  4.97391  1 
-0.0505051  4.968  1 
 0  4.96041  1 

-1.85616  3.12752  1 
-1.85617  3.14765  1 
-1.85603  3.16779  1 
-1.85575  3.18792  1 
-1.85534  3.20805  1 
-1.8548  3.22819  1 
-1.85414  3.24832  1 
-1.85338  3.26846  1 
-1.8525  3.28859  1 
-1.85152  3.30872  1 
-1.85044  3.32886  1 
-1.84926  3.34899  1 
-1.84799  3.36913  1 
-1.84663  3.38926  1 
-1.84518  3.4094  1 
-1.84364  3.42953  1 
-1.84201  3.44966  1 
-1.84029  3.4698  1 
-1.83849  3.48993  1 
-1.8366  3.51007  1 
-1.83463  3.5302  1 
-1.83256  3.55034  1 
-1.83041  3.57047  1 
-1.82817  3.5906  1 
-1.82584  3.61074  1 
-1.82342  3.63087  1 
-1.82091  3.65101  1 
-1.8183  3.67114  1 
-1.81818  3.67199  1 
-1.81551  3.69128  1 
-1.81261  3.71141  1 
-1.80962  3.73154  1 
-1.80651  3.75168  1 
-1.8033  3.77181  1 
-1.79998  3.79195  1 
-1.79653  3.81208  1 
-1.79297  3.83221  1 
-1.78928  3.85235  1 
-1.78546  3.87248  1 
-1.78151  3.89262  1 
-1.77742  3.91275  1 
-1.77318  3.93289  1 
-1.76879  3.95302  1 
-1.76768  3.95793  1 
-1.76414  3.97315  1 
-1.75929  3.99329  1 
-1.75427  4.01342  1 
-1.74906  4.03356  1 
-1.74367  4.05369  1 
-1.73807  4.07383  1 
-1.73227  4.09396  1 
-1.72625  4.11409  1 
-1.72001  4.13423  1 
-1.71717  4.14304  1 
-1.71341  4.15436  1 
-1.70647  4.1745  1 
-1.69927  4.19463  1 
-1.69178  4.21477  1 
-1.684  4.2349  1 
-1.67591  4.25503  1 
-1.66749  4.27517  1 
-1.66667  4.27707  1 
-1.65848  4.2953  1 
-1.64907  4.31544  1 
-1.63928  4.33557  1 
-1.62907  4.3557  1 
-1.61843  4.37584  1 
-1.61616  4.37998  1 
-1.60704  4.39597  1 
-1.59508  4.41611  1 
-1.5826  4.43624  1 
-1.56957  4.45638  1 
-1.56566  4.46221  1 
-1.55562  4.47651  1 
-1.5409  4.49664  1 
-1.52552  4.51678  1 
-1.51515  4.52981  1 
-1.50922  4.53691  1 
-1.49176  4.55705  1 
-1.4735  4.57718  1 
-1.46465  4.58658  1 
-1.45398  4.59732  1 
-1.43318  4.61745  1 
-1.41414  4.63508  1 
-1.41128  4.63758  1 
-1.38751  4.65772  1 
-1.36364  4.67704  1 
-1.36257  4.67785  1 
-1.33533  4.69799  1 
-1.31313  4.71372  1 
-1.30651  4.71812  1 
-1.27523  4.73826  1 
-1.26263  4.74609  1 
-1.24148  4.75839  1 
-1.21212  4.77488  1 
-1.20516  4.77852  1 
-1.16555  4.79866  1 
-1.16162  4.80061  1 
-1.12206  4.81879  1 

 0  3.30694  1 
-0.0275046  3.28859  1 
-0.0505051  3.2733  1 
-0.0579607  3.26846  1 
-0.0889564  3.24832  1 
-0.10101  3.24049  1 
-0.120419  3.22819  1 
-0.151515  3.20844  1 
-0.152136  3.20805  1 
-0.184568  3.18792  1 
-0.20202  3.17703  1 
-0.217276  3.16779  1 
-0.250259  3.14765  1 
-0.252525  3.14626  1 
-0.283946  3.12752  1 
-0.30303  3.11601  1 
-0.317853  3.10738  1 
-0.35199  3.08725  1 
-0.353535  3.08632  1 
-0.386893  3.06711  1 
-0.40404  3.05708  1 
-0.422003  3.04698  1 
-0.454545  3.02834  1 
-0.457275  3.02685  1 
-0.493301  3.00671  1 
-0.505051  3  1 
-0.529679  2.98658  1 
-0.555556  2.97212  1 
-0.566252  2.96644  1 
-0.603178  2.94631  1 
-0.606061  2.9447  1 
-0.640974  2.92617  1 
-0.656566  2.91765  1 
-0.679052  2.90604  1 
-0.707071  2.89109  1 
-0.717414  2.88591  1 
-0.756184  2.86577  1 
-0.757576  2.86502  1 
-0.796119  2.84564  1 
-0.808081  2.83938  1 
-0.836556  2.8255  1 
-0.858586  2.8143  1 
-0.877568  2.80537  1 
-0.909091  2.78984  1 
-0.919262  2.78523  1 
-0.959596  2.76605  1 
-0.961792  2.7651  1 
-1.00592  2.74497  1 
-1.0101  2.74295  1 
-1.05163  2.72483  1 
-1.06061  2.72069  1 
-1.0991  2.7047  1 
-1.11111  2.6994  1 
-1.14889  2.68456  1 
-1.16162  2.67923  1 
-1.20186  2.66443  1 
-1.21212  2.66039  1 
-1.25933  2.6443  1 
-1.26263  2.64309  1 
-1.31313  2.62754  1 
-1.32666  2.62416  1 
-1.36364  2.61413  1 
-1.41136  2.60403  1 
-1.41414  2.60338  1 
-1.46465  2.59563  1 
-1.51515  2.59176  1 
-1.56566  2.59272  1 
-1.61616  2.59998  1 
-1.63013  2.60403  1 
-1.66667  2.61586  1 
-1.68279  2.62416  1 
-1.71654  2.6443  1 
-1.71717  2.64471  1 
-1.73924  2.66443  1 
-1.75831  2.68456  1 
-1.76768  2.69583  1 
-1.7736  2.7047  1 
-1.78575  2.72483  1 
-1.79629  2.74497  1 
-1.80545  2.7651  1 
-1.81342  2.78523  1 
-1.81818  2.79877  1 
-1.82018  2.80537  1 
-1.82572  2.8255  1 
-1.83058  2.84564  1 
-1.83483  2.86577  1 
-1.83854  2.88591  1 
-1.84177  2.90604  1 
-1.84457  2.92617  1 
-1.84698  2.94631  1 
-1.84904  2.96644  1 
-1.85078  2.98658  1 
-1.85223  3.00671  1 
-1.85343  3.02685  1 
-1.85438  3.04698  1 
-1.85511  3.06711  1 
-1.85564  3.08725  1 
-1.85599  3.10738  1 
-1.85616  3.12752  1 


# Contour 3, label:      0.5
-0.344067  2  0.5 
-0.353535  2.00312  0.5 
-0.401274  2.02013  0.5 
-0.40404  2.02123  0.5 
-0.448724  2.04027  0.5 
-0.454545  2.04307  0.5 
-0.488459  2.0604  0.5 
-0.505051  2.07014  0.5 
-0.521886  2.08054  0.5 
-0.550012  2.10067  0.5 
-0.555556  2.10524  0.5 
-0.573736  2.12081  0.5 
-0.593547  2.14094  0.5 
-0.606061  2.15619  0.5 
-0.609963  2.16107  0.5 
-0.623491  2.18121  0.5 
-0.634293  2.20134  0.5 
-0.642652  2.22148  0.5 
-0.648797  2.24161  0.5 
-0.652923  2.26174  0.5 
-0.655191  2.28188  0.5 
-0.655735  2.30201  0.5 
-0.654668  2.32215  0.5 
-0.652085  2.34228  0.5 
-0.648066  2.36242  0.5 
-0.642678  2.38255  0.5 
-0.635975  2.40268  0.5 
-0.628003  2.42282  0.5 
-0.618799  2.44295  0.5 
-0.608393  2.46309  0.5 
-0.606061  2.4671  0.5 
-0.597045  2.48322  0.5 
-0.584646  2.50336  0.5 
-0.571154  2.52349  0.5 
-0.55658  2.54362  0.5 
-0.555556  2.54493  0.5 
-0.541301  2.56376  0.5 
-0.525038  2.58389  0.5 
-0.507768  2.60403  0.5 
-0.505051  2.607  0.5 
-0.489869  2.62416  0.5 
-0.471092  2.6443  0.5 
-0.454545  2.66117  0.5 
-0.451446  2.66443  0.5 
-0.431267  2.68456  0.5 
-0.410215  2.7047  0.5 
-0.40404  2.71034  0.5 
-0.388616  2.72483  0.5 
-0.366331  2.74497  0.5 
-0.353535  2.75609  0.5 
-0.343432  2.7651  0.5 
-0.320019  2.78523  0.5 
-0.30303  2.79938  0.5 
-0.295992  2.80537  0.5 
-0.271559  2.8255  0.5 
-0.252525  2.84076  0.5 
-0.246557  2.84564  0.5 
-0.221218  2.86577  0.5 
-0.20202  2.88067  0.5 
-0.195386  2.88591  0.5 
-0.169258  2.90604  0.5 
-0.151515  2.91943  0.5 
-0.142729  2.92617  0.5 
-0.115938  2.94631  0.5 
-0.10101  2.95733  0.5 
-0.0888399  2.96644  0.5 
-0.0615149  2.98658  0.5 
-0.0505051  2.99457  0.5 
-0.0339713  3.00671  0.5 
-0.006247  3.02685  0.5 
 0  3.03132  0.5 

-2.11414  3.38926  0.5 
-2.10799  3.4094  0.5 
-2.102  3.42953  0.5 
-2.09617  3.44966  0.5 
-2.09048  3.4698  0.5 
-2.08493  3.48993  0.5 
-2.0795  3.51007  0.5 
-2.07419  3.5302  0.5 
-2.07071  3.54359  0.5 
-2.06895  3.55034  0.5 
-2.06375  3.57047  0.5 
-2.05865  3.5906  0.5 
-2.05364  3.61074  0.5 
-2.0487  3.63087  0.5 
-2.04384  3.65101  0.5 
-2.03904  3.67114  0.5 
-2.03429  3.69128  0.5 
-2.0296  3.71141  0.5 
-2.02494  3.73154  0.5 
-2.02033  3.75168  0.5 
-2.0202  3.75222  0.5 
-2.01566  3.77181  0.5 
-2.01102  3.79195  0.5 
-2.00639  3.81208  0.5 
-2.00178  3.83221  0.5 
-1.99717  3.85235  0.5 
-1.99256  3.87248  0.5 
-1.98794  3.89262  0.5 
-1.9833  3.91275  0.5 
-1.97864  3.93289  0.5 
-1.97395  3.95302  0.5 
-1.9697  3.97114  0.5 
-1.96922  3.97315  0.5 
-1.96437  3.99329  0.5 
-1.95947  4.01342  0.5 
-1.95451  4.03356  0.5 
-1.94949  4.05369  0.5 
-1.94439  4.07383  0.5 
-1.93921  4.09396  0.5 
-1.93394  4.11409  0.5 
-1.92857  4.13423  0.5 
-1.92309  4.15436  0.5 
-1.91919  4.1684  0.5 
-1.91746  4.1745  0.5 
-1.91164  4.19463  0.5 
-1.90567  4.21477  0.5 
-1.89955  4.2349  0.5 
-1.89327  4.25503  0.5 
-1.88681  4.27517  0.5 
-1.88016  4.2953  0.5 
-1.87331  4.31544  0.5 
-1.86869  4.32863  0.5 
-1.86619  4.33557  0.5 
-1.85875  4.3557  0.5 
-1.85106  4.37584  0.5 
-1.84309  4.39597  0.5 
-1.83483  4.41611  0.5 
-1.82626  4.43624  0.5 
-1.81818  4.4545  0.5 
-1.81733  4.45638  0.5 
-1.80788  4.47651  0.5 
-1.79805  4.49664  0.5 
-1.7878  4.51678  0.5 
-1.7771  4.53691  0.5 
-1.76768  4.55392  0.5 
-1.76588  4.55705  0.5 
-1.75396  4.57718  0.5 
-1.74148  4.59732  0.5 
-1.7284  4.61745  0.5 
-1.71717  4.63398  0.5 
-1.71463  4.63758  0.5 
-1.69992  4.65772  0.5 
-1.68446  4.67785  0.5 
-1.66821  4.69799  0.5 
-1.66667  4.69983  0.5 
-1.65074  4.71812  0.5 
-1.63231  4.73826  0.5 
-1.61616  4.75504  0.5 
-1.61279  4.75839  0.5 
-1.59179  4.77852  0.5 
-1.56962  4.79866  0.5 
-1.56566  4.80214  0.5 
-1.54572  4.81879  0.5 
-1.52036  4.83893  0.5 
-1.51515  4.84291  0.5 
-1.49297  4.85906  0.5 
-1.46465  4.87867  0.5 
-1.46385  4.87919  0.5 
-1.43223  4.89933  0.5 
-1.41414  4.91036  0.5 
-1.39836  4.91946  0.5 
-1.36364  4.93873  0.5 
-1.36198  4.9396  0.5 
-1.32244  4.95973  0.5 
-1.31313  4.96432  0.5 
-1.27971  4.97987  0.5 
-1.26263  4.98759  0.5 
-1.23348  5  0.5 

-3.57989  2  0.5 
-3.56839  2.02013  0.5 
-3.55384  2.04027  0.5 
-3.53615  2.0604  0.5 
-3.53535  2.06117  0.5 
-3.51539  2.08054  0.5 
-3.4915  2.10067  0.5 
-3.48485  2.10561  0.5 
-3.46472  2.12081  0.5 
-3.43507  2.14094  0.5 
-3.43434  2.14138  0.5 
-3.40307  2.16107  0.5 
-3.38384  2.17222  0.5 
-3.3688  2.18121  0.5 
-3.33333  2.20094  0.5 
-3.33263  2.20134  0.5 
-3.29518  2.22148  0.5 
-3.28283  2.22775  0.5 
-3.25662  2.24161  0.5 
-3.23232  2.25385  0.5 
-3.21731  2.26174  0.5 
-3.18182  2.27965  0.5 
-3.1776  2.28188  0.5 
-3.13793  2.30201  0.5 
-3.13131  2.30526  0.5 
-3.0985  2.32215  0.5 
-3.08081  2.33103  0.5 
-3.05944  2.34228  0.5 
-3.0303  2.35734  0.5 
-3.02095  2.36242  0.5 
-2.98321  2.38255  0.5 
-2.9798  2.38434  0.5 
-2.9464  2.40268  0.5 
-2.92929  2.41204  0.5 
-2.91047  2.42282  0.5 
-2.87879  2.44098  0.5 
-2.8755  2.44295  0.5 
-2.84162  2.46309  0.5 
-2.82828  2.47105  0.5 
-2.80878  2.48322  0.5 
-2.77778  2.50282  0.5 
-2.77697  2.50336  0.5 
-2.74628  2.52349  0.5 
-2.72727  2.53621  0.5 
-2.71662  2.54362  0.5 
-2.68803  2.56376  0.5 
-2.67677  2.57181  0.5 
-2.66047  2.58389  0.5 
-2.63394  2.60403  0.5 
-2.62626  2.60993  0.5 
-2.60839  2.62416  0.5 
-2.58383  2.6443  0.5 
-2.57576  2.65103  0.5 
-2.56019  2.66443  0.5 
-2.53749  2.68456  0.5 
-2.52525  2.69571  0.5 
-2.51567  2.7047  0.5 
-2.49469  2.72483  0.5 
-2.47475  2.74483  0.5 
-2.47462  2.74497  0.5 
-2.45522  2.7651  0.5 
-2.43668  2.78523  0.5 
-2.42424  2.79921  0.5 
-2.41888  2.80537  0.5 
-2.40173  2.8255  0.5 
-2.38533  2.84564  0.5 
-2.37374  2.8604  0.5 
-2.3696  2.86577  0.5 
-2.3544  2.88591  0.5 
-2.33987  2.90604  0.5 
-2.32597  2.92617  0.5 
-2.32323  2.93021  0.5 
-2.3125  2.94631  0.5 
-2.29958  2.96644  0.5 
-2.28721  2.98658  0.5 
-2.27536  3.00671  0.5 
-2.27273  3.01127  0.5 
-2.26385  3.02685  0.5 
-2.25279  3.04698  0.5 
-2.24217  3.06711  0.5 
-2.23198  3.08725  0.5 
-2.22222  3.10733  0.5 
-2.2222  3.10738  0.5 
-2.21263  3.12752  0.5 
-2.20343  3.14765  0.5 
-2.19458  3.16779  0.5 
-2.18606  3.18792  0.5 
-2.17785  3.20805  0.5 
-2.17172  3.22355  0.5 
-2.16989  3.22819  0.5 
-2.16211  3.24832  0.5 
-2.15459  3.26846  0.5 
-2.14733  3.28859  0.5 
-2.1403  3.30872  0.5 
-2.1335  3.32886  0.5 
-2.1269  3.34899  0.5 
-2.12121  3.36682  0.5 
-2.12048  3.36913  0.5 
-2.11414  3.38926  0.5 


# Contour 4, label:        0
-5  4.81315  0 
-4.99286  4.81879  0 
-4.96642  4.83893  0 
-4.94949  4.85121  0 
-4.93842  4.85906  0 
-4.9088  4.87919  0 
-4.89899  4.8856  0 
-4.87742  4.89933  0 
-4.84848  4.91691  0 
-4.84416  4.91946  0 
-4.80892  4.9396  0 
-4.79798  4.94561  0 
-4.77153  4.95973  0 
-4.74747  4.97209  0 
-4.73189  4.97987  0 
-4.69697  4.99668  0 
-4.68985  5  0 

-2.35793  3.38926  0 
-2.34799  3.4094  0 
-2.3384  3.42953  0 
-2.32913  3.44966  0 
-2.32323  3.46286  0 
-2.32017  3.4698  0 
-2.31148  3.48993  0 
-2.30307  3.51007  0 
-2.29494  3.5302  0 
-2.28706  3.55034  0 
-2.27942  3.57047  0 
-2.27273  3.58862  0 
-2.272  3.5906  0 
-2.26478  3.61074  0 
-2.25776  3.63087  0 
-2.25095  3.65101  0 
-2.24432  3.67114  0 
-2.23787  3.69128  0 
-2.23158  3.71141  0 
-2.22546  3.73154  0 
-2.22222  3.74241  0 
-2.21947  3.75168  0 
-2.2136  3.77181  0 
-2.20787  3.79195  0 
-2.20227  3.81208  0 
-2.19678  3.83221  0 
-2.1914  3.85235  0 
-2.18613  3.87248  0 
-2.18094  3.89262  0 
-2.17585  3.91275  0 
-2.17172  3.92934  0 
-2.17083  3.93289  0 
-2.16586  3.95302  0 
-2.16096  3.97315  0 
-2.15612  3.99329  0 
-2.15134  4.01342  0 
-2.1466  4.03356  0 
-2.1419  4.05369  0 
-2.13723  4.07383  0 
-2.13259  4.09396  0 
-2.12796  4.11409  0 
-2.12335  4.13423  0 
-2.12121  4.14358  0 
-2.11872  4.15436  0 
-2.11408  4.1745  0 
-2.10943  4.19463  0 
-2.10477  4.21477  0 
-2.10007  4.2349  0 
-2.09534  4.25503  0 
-2.09057  4.27517  0 
-2.08574  4.2953  0 
-2.08085  4.31544  0 
-2.07589  4.33557  0 
-2.07084  4.3557  0 
-2.07071  4.35624  0 
-2.06567  4.37584  0 
-2.06039  4.39597  0 
-2.05499  4.41611  0 
-2.04946  4.43624  0 
-2.04378  4.45638  0 
-2.03795  4.47651  0 
-2.03193  4.49664  0 
-2.02571  4.51678  0 
-2.0202  4.53405  0 
-2.01927  4.53691  0 
-2.01256  4.55705  0 
-2.00559  4.57718  0 
-1.99834  4.59732  0 
-1.99078  4.61745  0 
-1.98287  4.63758  0 
-1.9746  4.65772  0 
-1.9697  4.66921  0 
-1.9659  4.67785  0 
-1.95673  4.69799  0 
-1.94707  4.71812  0 
-1.93688  4.73826  0 
-1.92611  4.75839  0 
-1.91919  4.77074  0 
-1.91468  4.77852  0 
-1.90252  4.79866  0 
-1.88959  4.81879  0 
-1.87582  4.83893  0 
-1.86869  4.84886  0 
-1.86109  4.85906  0 
-1.84531  4.87919  0 
-1.82842  4.89933  0 
-1.81818  4.91088  0 
-1.81027  4.91946  0 
-1.79072  4.9396  0 
-1.76969  4.95973  0 
-1.76768  4.96158  0 
-1.74694  4.97987  0 
-1.7224  5  0 

-5  2.47262  0 
-4.95886  2.48322  0 
-4.94949  2.48522  0 
-4.89899  2.49301  0 
-4.84848  2.49803  0 
-4.79798  2.50114  0 
-4.74747  2.50295  0 
-4.72652  2.50336  0 
-4.69697  2.50386  0 
-4.64646  2.5042  0 
-4.59596  2.50423  0 
-4.54545  2.50412  0 
-4.49495  2.50399  0 
-4.44444  2.50395  0 
-4.39394  2.5041  0 
-4.34343  2.5045  0 
-4.29293  2.50522  0 
-4.24242  2.50631  0 
-4.19192  2.50783  0 
-4.14141  2.50982  0 
-4.09091  2.51232  0 
-4.0404  2.51538  0 
-3.9899  2.51905  0 
-3.93939  2.52336  0 
-3.93811  2.52349  0 
-3.88889  2.52819  0 
-3.83838  2.53373  0 
-3.78788  2.54005  0 
-3.76265  2.54362  0 
-3.73737  2.54707  0 
-3.68687  2.55483  0 
-3.63636  2.56352  0 
-3.63514  2.56376  0 
-3.58586  2.57291  0 
-3.53535  2.58334  0 
-3.5329  2.58389  0 
-3.48485  2.59456  0 
-3.44622  2.60403  0 
-3.43434  2.60688  0 
-3.38384  2.6202  0 
-3.37008  2.62416  0 
-3.33333  2.63461  0 
-3.30211  2.6443  0 
-3.28283  2.65023  0 
-3.24037  2.66443  0 
-3.23232  2.66711  0 
-3.18394  2.68456  0 
-3.18182  2.68533  0 
-3.13201  2.7047  0 
-3.13131  2.70497  0 
-3.08393  2.72483  0 
-3.08081  2.72615  0 
-3.03917  2.74497  0 
-3.0303  2.74901  0 
-2.99727  2.7651  0 
-2.9798  2.77374  0 
-2.9579  2.78523  0 
-2.92929  2.80053  0 
-2.92075  2.80537  0 
-2.88577  2.8255  0 
-2.87879  2.82959  0 
-2.85278  2.84564  0 
-2.82828  2.86118  0 
-2.82139  2.86577  0 
-2.79173  2.88591  0 
-2.77778  2.89563  0 
-2.76351  2.90604  0 
-2.73667  2.92617  0 
-2.72727  2.93339  0 
-2.71114  2.94631  0 
-2.68678  2.96644  0 
-2.67677  2.97494  0 
-2.66356  2.98658  0 
-2.6414  3.00671  0 
-2.62626  3.02094  0 
-2.6202  3.02685  0 
-2.59998  3.04698  0 
-2.58058  3.06711  0 
-2.57576  3.07223  0 
-2.56205  3.08725  0 
-2.54429  3.10738  0 
-2.52724  3.12752  0 
-2.52525  3.12991  0 
-2.51092  3.14765  0 
-2.49526  3.16779  0 
-2.48021  3.18792  0 
-2.47475  3.19541  0 
-2.46576  3.20805  0 
-2.45188  3.22819  0 
-2.43853  3.24832  0 
-2.42568  3.26846  0 
-2.42424  3.27075  0 
-2.41331  3.28859  0 
-2.40141  3.30872  0 
-2.38994  3.32886  0 
-2.37889  3.34899  0 
-2.37374  3.35864  0 
-2.36822  3.36913  0 
-2.35793  3.38926  0 


# Contour 5, label:     -0.5
-5  4.54804 -0.5 
-4.99247  4.55705 -0.5 
-4.97496  4.57718 -0.5 
-4.95659  4.59732 -0.5 
-4.94949  4.60479 -0.5 
-4.93722  4.61745 -0.5 
-4.91684  4.63758 -0.5 
-4.89899  4.65443 -0.5 
-4.89542  4.65772 -0.5 
-4.87278  4.67785 -0.5 
-4.849  4.69799 -0.5 
-4.84848  4.69841 -0.5 
-4.82379  4.71812 -0.5 
-4.79798  4.73775 -0.5 
-4.79729  4.73826 -0.5 
-4.76917  4.75839 -0.5 
-4.74747  4.77325 -0.5 
-4.73952  4.77852 -0.5 
-4.70812  4.79866 -0.5 
-4.69697  4.80555 -0.5 
-4.67483  4.81879 -0.5 
-4.64646  4.83514 -0.5 
-4.63965  4.83893 -0.5 
-4.60229  4.85906 -0.5 
-4.59596  4.86237 -0.5 
-4.56258  4.87919 -0.5 
-4.54545  4.88757 -0.5 
-4.52046  4.89933 -0.5 
-4.49495  4.91101 -0.5 
-4.47574  4.91946 -0.5 
-4.44444  4.9329 -0.5 
-4.4282  4.9396 -0.5 
-4.39394  4.95343 -0.5 
-4.37766  4.95973 -0.5 
-4.34343  4.97275 -0.5 
-4.32391  4.97987 -0.5 
-4.29293  4.99099 -0.5 
-4.26677  5 -0.5 

-2.52309  3.51007 -0.5 
-2.5121  3.5302 -0.5 
-2.5015  3.55034 -0.5 
-2.49129  3.57047 -0.5 
-2.48143  3.5906 -0.5 
-2.47475  3.60471 -0.5 
-2.47194  3.61074 -0.5 
-2.46284  3.63087 -0.5 
-2.45406  3.65101 -0.5 
-2.44558  3.67114 -0.5 
-2.43739  3.69128 -0.5 
-2.42949  3.71141 -0.5 
-2.42424  3.72521 -0.5 
-2.42187  3.73154 -0.5 
-2.41454  3.75168 -0.5 
-2.40746  3.77181 -0.5 
-2.40062  3.79195 -0.5 
-2.39401  3.81208 -0.5 
-2.38762  3.83221 -0.5 
-2.38144  3.85235 -0.5 
-2.37546  3.87248 -0.5 
-2.37374  3.87847 -0.5 
-2.3697  3.89262 -0.5 
-2.36414  3.91275 -0.5 
-2.35875  3.93289 -0.5 
-2.35354  3.95302 -0.5 
-2.3485  3.97315 -0.5 
-2.34362  3.99329 -0.5 
-2.3389  4.01342 -0.5 
-2.33432  4.03356 -0.5 
-2.32989  4.05369 -0.5 
-2.32559  4.07383 -0.5 
-2.32323  4.08525 -0.5 
-2.32143  4.09396 -0.5 
-2.31741  4.11409 -0.5 
-2.31352  4.13423 -0.5 
-2.30974  4.15436 -0.5 
-2.30607  4.1745 -0.5 
-2.30251  4.19463 -0.5 
-2.29906  4.21477 -0.5 
-2.2957  4.2349 -0.5 
-2.29244  4.25503 -0.5 
-2.28926  4.27517 -0.5 
-2.28618  4.2953 -0.5 
-2.28317  4.31544 -0.5 
-2.28024  4.33557 -0.5 
-2.27739  4.3557 -0.5 
-2.2746  4.37584 -0.5 
-2.27273  4.38975 -0.5 
-2.27188  4.39597 -0.5 
-2.26923  4.41611 -0.5 
-2.26664  4.43624 -0.5 
-2.2641  4.45638 -0.5 
-2.26161  4.47651 -0.5 
-2.25915  4.49664 -0.5 
-2.25674  4.51678 -0.5 
-2.25435  4.53691 -0.5 
-2.25199  4.55705 -0.5 
-2.24965  4.57718 -0.5 
-2.24732  4.59732 -0.5 
-2.245  4.61745 -0.5 
-2.24268  4.63758 -0.5 
-2.24034  4.65772 -0.5 
-2.23799  4.67785 -0.5 
-2.2356  4.69799 -0.5 
-2.23318  4.71812 -0.5 
-2.2307  4.73826 -0.5 
-2.22816  4.75839 -0.5 
-2.22553  4.77852 -0.5 
-2.22281  4.79866 -0.5 
-2.22222  4.80291 -0.5 
-2.21999  4.81879 -0.5 
-2.21705  4.83893 -0.5 
-2.21394  4.85906 -0.5 
-2.21065  4.87919 -0.5 
-2.20713  4.89933 -0.5 
-2.20335  4.91946 -0.5 
-2.19927  4.9396 -0.5 
-2.19482  4.95973 -0.5 
-2.18995  4.97987 -0.5 
-2.18458  5 -0.5 

-5  3.05823 -0.5 
-4.98485  3.04698 -0.5 
-4.95571  3.02685 -0.5 
-4.94949  3.02277 -0.5 
-4.92382  3.00671 -0.5 
-4.89899  2.99224 -0.5 
-4.88877  2.98658 -0.5 
-4.85019  2.96644 -0.5 
-4.84848  2.96559 -0.5 
-4.8075  2.94631 -0.5 
-4.79798  2.94206 -0.5 
-4.76001  2.92617 -0.5 
-4.74747  2.92117 -0.5 
-4.70681  2.90604 -0.5 
-4.69697  2.90252 -0.5 
-4.64662  2.88591 -0.5 
-4.64646  2.88586 -0.5 
-4.59596  2.87088 -0.5 
-4.577  2.86577 -0.5 
-4.54545  2.8575 -0.5 
-4.49508  2.84564 -0.5 
-4.49495  2.84561 -0.5 
-4.44444  2.83497 -0.5 
-4.39394  2.82569 -0.5 
-4.39281  2.8255 -0.5 
-4.34343  2.81751 -0.5 
-4.29293  2.81054 -0.5 
-4.24829  2.80537 -0.5 
-4.24242  2.80469 -0.5 
-4.19192  2.79987 -0.5 
-4.14141  2.79612 -0.5 
-4.09091  2.79343 -0.5 
-4.0404  2.79178 -0.5 
-3.9899  2.79116 -0.5 
-3.93939  2.79158 -0.5 
-3.88889  2.79303 -0.5 
-3.83838  2.79553 -0.5 
-3.78788  2.79912 -0.5 
-3.73737  2.80381 -0.5 
-3.7239  2.80537 -0.5 
-3.68687  2.80958 -0.5 
-3.63636  2.81649 -0.5 
-3.58586  2.82464 -0.5 
-3.5812  2.8255 -0.5 
-3.53535  2.83394 -0.5 
-3.48485  2.84458 -0.5 
-3.4804  2.84564 -0.5 
-3.43434  2.8565 -0.5 
-3.39929  2.86577 -0.5 
-3.38384  2.86986 -0.5 
-3.33333  2.8847 -0.5 
-3.3296  2.88591 -0.5 
-3.28283  2.90108 -0.5 
-3.26888  2.90604 -0.5 
-3.23232  2.91915 -0.5 
-3.21435  2.92617 -0.5 
-3.18182  2.93903 -0.5 
-3.16482  2.94631 -0.5 
-3.13131  2.96086 -0.5 
-3.11939  2.96644 -0.5 
-3.08081  2.98483 -0.5 
-3.07739  2.98658 -0.5 
-3.03861  3.00671 -0.5 
-3.0303  3.01111 -0.5 
-3.00246  3.02685 -0.5 
-2.9798  3.03998 -0.5 
-2.96842  3.04698 -0.5 
-2.93648  3.06711 -0.5 
-2.92929  3.07175 -0.5 
-2.90653  3.08725 -0.5 
-2.87879  3.10678 -0.5 
-2.87798  3.10738 -0.5 
-2.8513  3.12752 -0.5 
-2.82828  3.14554 -0.5 
-2.82571  3.14765 -0.5 
-2.80168  3.16779 -0.5 
-2.77857  3.18792 -0.5 
-2.77778  3.18862 -0.5 
-2.75683  3.20805 -0.5 
-2.73594  3.22819 -0.5 
-2.72727  3.23678 -0.5 
-2.71608  3.24832 -0.5 
-2.69713  3.26846 -0.5 
-2.67891  3.28859 -0.5 
-2.67677  3.29101 -0.5 
-2.66163  3.30872 -0.5 
-2.64505  3.32886 -0.5 
-2.62908  3.34899 -0.5 
-2.62626  3.35264 -0.5 
-2.6139  3.36913 -0.5 
-2.59932  3.38926 -0.5 
-2.58528  3.4094 -0.5 
-2.57576  3.42351 -0.5 
-2.5718  3.42953 -0.5 
-2.55893  3.44966 -0.5 
-2.54653  3.4698 -0.5 
-2.53459  3.48993 -0.5 
-2.52525  3.50621 -0.5 
-2.52309  3.51007 -0.5 


# Contour 6, label:       -1
-5  4.16022 -1 
-4.99503  4.1745 -1 
-4.98754  4.19463 -1 
-4.97954  4.21477 -1 
-4.97102  4.2349 -1 
-4.96197  4.25503 -1 
-4.95238  4.27517 -1 
-4.94949  4.28091 -1 
-4.94214  4.2953 -1 
-4.93127  4.31544 -1 
-4.9198  4.33557 -1 
-4.90771  4.3557 -1 
-4.89899  4.36951 -1 
-4.89491  4.37584 -1 
-4.8813  4.39597 -1 
-4.86699  4.41611 -1 
-4.85195  4.43624 -1 
-4.84848  4.44069 -1 
-4.83594  4.45638 -1 
-4.81908  4.47651 -1 
-4.80139  4.49664 -1 
-4.79798  4.50037 -1 
-4.78254  4.51678 -1 
-4.76272  4.53691 -1 
-4.74747  4.55174 -1 
-4.74183  4.55705 -1 
-4.71962  4.57718 -1 
-4.69697  4.5968 -1 
-4.69635  4.59732 -1 
-4.67145  4.61745 -1 
-4.64646  4.63677 -1 
-4.64537  4.63758 -1 
-4.61744  4.65772 -1 
-4.59596  4.67259 -1 
-4.58805  4.67785 -1 
-4.55674  4.69799 -1 
-4.54545  4.705 -1 
-4.52343  4.71812 -1 
-4.49495  4.73451 -1 
-4.48815  4.73826 -1 
-4.45046  4.75839 -1 
-4.44444  4.76152 -1 
-4.41012  4.77852 -1 
-4.39394  4.78632 -1 
-4.36705  4.79866 -1 
-4.34343  4.80923 -1 
-4.32094  4.81879 -1 
-4.29293  4.83045 -1 
-4.27142  4.83893 -1 
-4.24242  4.85015 -1 
-4.21808  4.85906 -1 
-4.19192  4.86849 -1 
-4.16047  4.87919 -1 
-4.14141  4.8856 -1 
-4.09809  4.89933 -1 
-4.09091  4.90158 -1 
-4.0404  4.91652 -1 
-4.02982  4.91946 -1 
-3.9899  4.9305 -1 
-3.95484  4.9396 -1 
-3.93939  4.9436 -1 
-3.88889  4.95584 -1 
-3.87172  4.95973 -1 
-3.83838  4.9673 -1 
-3.78788  4.978 -1 
-3.77835  4.97987 -1 
-3.73737  4.98796 -1 
-3.68687  4.99722 -1 
-3.67027  5 -1 

-2.7533  3.51007 -1 
-2.73859  3.5302 -1 
-2.72727  3.54627 -1 
-2.72451  3.55034 -1 
-2.71122  3.57047 -1 
-2.69845  3.5906 -1 
-2.68617  3.61074 -1 
-2.67677  3.62674 -1 
-2.67441  3.63087 -1 
-2.66331  3.65101 -1 
-2.65264  3.67114 -1 
-2.6424  3.69128 -1 
-2.63257  3.71141 -1 
-2.62626  3.72483 -1 
-2.62318  3.73154 -1 
-2.6143  3.75168 -1 
-2.60578  3.77181 -1 
-2.59761  3.79195 -1 
-2.5898  3.81208 -1 
-2.58231  3.83221 -1 
-2.57576  3.85064 -1 
-2.57516  3.85235 -1 
-2.56843  3.87248 -1 
-2.56201  3.89262 -1 
-2.55589  3.91275 -1 
-2.55006  3.93289 -1 
-2.54451  3.95302 -1 
-2.53924  3.97315 -1 
-2.53424  3.99329 -1 
-2.52951  4.01342 -1 
-2.52525  4.03263 -1 
-2.52505  4.03356 -1 
-2.52091  4.05369 -1 
-2.51702  4.07383 -1 
-2.51338  4.09396 -1 
-2.50999  4.11409 -1 
-2.50684  4.13423 -1 
-2.50394  4.15436 -1 
-2.50128  4.1745 -1 
-2.49886  4.19463 -1 
-2.49668  4.21477 -1 
-2.49475  4.2349 -1 
-2.49305  4.25503 -1 
-2.4916  4.27517 -1 
-2.4904  4.2953 -1 
-2.48945  4.31544 -1 
-2.48875  4.33557 -1 
-2.48831  4.3557 -1 
-2.48813  4.37584 -1 
-2.48821  4.39597 -1 
-2.48858  4.41611 -1 
-2.48923  4.43624 -1 
-2.49017  4.45638 -1 
-2.49142  4.47651 -1 
-2.49298  4.49664 -1 
-2.49488  4.51678 -1 
-2.49712  4.53691 -1 
-2.49973  4.55705 -1 
-2.50271  4.57718 -1 
-2.50611  4.59732 -1 
-2.50994  4.61745 -1 
-2.51423  4.63758 -1 
-2.51901  4.65772 -1 
-2.52433  4.67785 -1 
-2.52525  4.6811 -1 
-2.53036  4.69799 -1 
-2.53707  4.71812 -1 
-2.54449  4.73826 -1 
-2.5527  4.75839 -1 
-2.56178  4.77852 -1 
-2.57182  4.79866 -1 
-2.57576  4.80597 -1 
-2.58323  4.81879 -1 
-2.59608  4.83893 -1 
-2.61041  4.85906 -1 
-2.62626  4.87899 -1 
-2.62644  4.87919 -1 
-2.64537  4.89933 -1 
-2.66681  4.91946 -1 
-2.67677  4.92798 -1 
-2.69217  4.9396 -1 
-2.72218  4.95973 -1 
-2.72727  4.96286 -1 
-2.75966  4.97987 -1 
-2.77778  4.98838 -1 
-2.80757  5 -1 

-5  3.55822 -1 
-4.99693  3.55034 -1 
-4.98846  3.5302 -1 
-4.97925  3.51007 -1 
-4.96927  3.48993 -1 
-4.95846  3.4698 -1 
-4.94949  3.45427 -1 
-4.94675  3.44966 -1 
-4.93403  3.42953 -1 
-4.92033  3.4094 -1 
-4.90559  3.38926 -1 
-4.89899  3.38075 -1 
-4.88963  3.36913 -1 
-4.8724  3.34899 -1 
-4.85391  3.32886 -1 
-4.84848  3.32325 -1 
-4.83383  3.30872 -1 
-4.8122  3.28859 -1 
-4.79798  3.27611 -1 
-4.78883  3.26846 -1 
-4.76346  3.24832 -1 
-4.74747  3.23634 -1 
-4.73599  3.22819 -1 
-4.7061  3.20805 -1 
-4.69697  3.20218 -1 
-4.67337  3.18792 -1 
-4.64646  3.1725 -1 
-4.63767  3.16779 -1 
-4.59832  3.14765 -1 
-4.59596  3.14649 -1 
-4.55442  3.12752 -1 
-4.54545  3.12359 -1 
-4.50524  3.10738 -1 
-4.49495  3.10338 -1 
-4.44938  3.08725 -1 
-4.44444  3.08556 -1 
-4.39394  3.06986 -1 
-4.38405  3.06711 -1 
-4.34343  3.0561 -1 
-4.30507  3.04698 -1 
-4.29293  3.04415 -1 
-4.24242  3.03387 -1 
-4.2017  3.02685 -1 
-4.19192  3.02518 -1 
-4.14141  3.01799 -1 
-4.09091  3.01227 -1 
-4.0404  3.00798 -1 
-4.0186  3.00671 -1 
-3.9899  3.00505 -1 
-3.93939  3.0035 -1 
-3.88889  3.0033 -1 
-3.83838  3.00446 -1 
-3.79359  3.00671 -1 
-3.78788  3.007 -1 
-3.73737  3.01089 -1 
-3.68687  3.0162 -1 
-3.63636  3.02296 -1 
-3.61256  3.02685 -1 
-3.58586  3.0312 -1 
-3.53535  3.04098 -1 
-3.50867  3.04698 -1 
-3.48485  3.05236 -1 
-3.43434  3.06543 -1 
-3.42858  3.06711 -1 
-3.38384  3.08027 -1 
-3.36265  3.08725 -1 
-3.33333  3.09702 -1 
-3.30526  3.10738 -1 
-3.28283  3.11579 -1 
-3.25435  3.12752 -1 
-3.23232  3.13675 -1 
-3.20848  3.14765 -1 
-3.18182  3.1601 -1 
-3.16662  3.16779 -1 
-3.13131  3.18607 -1 
-3.12799  3.18792 -1 
-3.09263  3.20805 -1 
-3.08081  3.21496 -1 
-3.05965  3.22819 -1 
-3.0303  3.24711 -1 
-3.02853  3.24832 -1 
-2.99983  3.26846 -1 
-2.9798  3.28299 -1 
-2.97251  3.28859 -1 
-2.94699  3.30872 -1 
-2.92929  3.32316 -1 
-2.92267  3.32886 -1 
-2.89988  3.34899 -1 
-2.87879  3.36835 -1 
-2.87798  3.36913 -1 
-2.85757  3.38926 -1 
-2.83793  3.4094 -1 
-2.82828  3.41961 -1 
-2.81931  3.42953 -1 
-2.80166  3.44966 -1 
-2.78468  3.4698 -1 
-2.77778  3.47825 -1 
-2.7686  3.48993 -1 
-2.7533  3.51007 -1 


# Contour 7, label:     -1.5
-2.8192  3.77181 -1.5 
-2.82828  3.75427 -1.5 
-2.82968  3.75168 -1.5 
-2.841  3.73154 -1.5 
-2.85286  3.71141 -1.5 
-2.86528  3.69128 -1.5 
-2.87828  3.67114 -1.5 
-2.87879  3.67038 -1.5 
-2.89235  3.65101 -1.5 
-2.90707  3.63087 -1.5 
-2.92244  3.61074 -1.5 
-2.92929  3.60209 -1.5 
-2.93885  3.5906 -1.5 
-2.95625  3.57047 -1.5 
-2.97439  3.55034 -1.5 
-2.9798  3.54453 -1.5 
-2.9939  3.5302 -1.5 
-3.01446  3.51007 -1.5 
-3.0303  3.49513 -1.5 
-3.03614  3.48993 -1.5 
-3.05953  3.4698 -1.5 
-3.08081  3.45216 -1.5 
-3.08402  3.44966 -1.5 
-3.11071  3.42953 -1.5 
-3.13131  3.41453 -1.5 
-3.13888  3.4094 -1.5 
-3.16947  3.38926 -1.5 
-3.18182  3.38137 -1.5 
-3.20255  3.36913 -1.5 
-3.23232  3.35207 -1.5 
-3.23817  3.34899 -1.5 
-3.27746  3.32886 -1.5 
-3.28283  3.32618 -1.5 
-3.32119  3.30872 -1.5 
-3.33333  3.30333 -1.5 
-3.37015  3.28859 -1.5 
-3.38384  3.28323 -1.5 
-3.42611  3.26846 -1.5 
-3.43434  3.26563 -1.5 
-3.48485  3.25037 -1.5 
-3.49267  3.24832 -1.5 
-3.53535  3.23729 -1.5 
-3.57694  3.22819 -1.5 
-3.58586  3.22626 -1.5 
-3.63636  3.21719 -1.5 
-3.68687  3.20999 -1.5 
-3.70501  3.20805 -1.5 
-3.73737  3.20462 -1.5 
-3.78788  3.20102 -1.5 
-3.83838  3.19918 -1.5 
-3.88889  3.19907 -1.5 
-3.93939  3.2007 -1.5 
-3.9899  3.20409 -1.5 

-4.32931  4.63758 -1.5 
-4.29293  4.65636 -1.5 
-4.29013  4.65772 -1.5 
-4.24747  4.67785 -1.5 
-4.24242  4.68017 -1.5 
-4.20105  4.69799 -1.5 
-4.19192  4.70183 -1.5 
-4.15039  4.71812 -1.5 
-4.14141  4.72157 -1.5 
-4.0947  4.73826 -1.5 
-4.09091  4.73958 -1.5 
-4.0404  4.75598 -1.5 
-4.03233  4.75839 -1.5 
-3.9899  4.77089 -1.5 
-3.96156  4.77852 -1.5 
-3.93939  4.78444 -1.5 
-3.88889  4.79669 -1.5 
-3.87985  4.79866 -1.5 
-3.83838  4.80765 -1.5 
-3.78788  4.81743 -1.5 
-3.77985  4.81879 -1.5 
-3.73737  4.82599 -1.5 
-3.68687  4.83337 -1.5 
-3.64167  4.83893 -1.5 
-3.63636  4.83958 -1.5 
-3.58586  4.84454 -1.5 
-3.53535  4.84824 -1.5 
-3.48485  4.85063 -1.5 
-3.43434  4.85162 -1.5 
-3.38384  4.85108 -1.5 
-3.33333  4.84888 -1.5 
-3.28283  4.84483 -1.5 
-3.23411  4.83893 -1.5 
-3.23232  4.8387 -1.5 
-3.18182  4.8301 -1.5 
-3.13152  4.81879 -1.5 
-3.13131  4.81874 -1.5 
-3.08081  4.80394 -1.5 
-3.06593  4.79866 -1.5 
-3.0303  4.78502 -1.5 
-3.01585  4.77852 -1.5 
-2.9798  4.76091 -1.5 
-2.9753  4.75839 -1.5 
-2.94194  4.73826 -1.5 
-2.92929  4.72993 -1.5 
-2.91333  4.71812 -1.5 
-2.8884  4.69799 -1.5 
-2.87879  4.68957 -1.5 
-2.86668  4.67785 -1.5 
-2.84753  4.65772 -1.5 
-2.83017  4.63758 -1.5 
-2.82828  4.63524 -1.5 
-2.81511  4.61745 -1.5 
-2.8015  4.59732 -1.5 
-2.78913  4.57718 -1.5 
-2.7779  4.55705 -1.5 
-2.77778  4.5568 -1.5 
-2.76814  4.53691 -1.5 
-2.7593  4.51678 -1.5 
-2.75132  4.49664 -1.5 
-2.74413  4.47651 -1.5 
-2.73769  4.45638 -1.5 
-2.73196  4.43624 -1.5 
-2.72727  4.41764 -1.5 
-2.72691  4.41611 -1.5 
-2.72262  4.39597 -1.5 
-2.71891  4.37584 -1.5 
-2.71575  4.3557 -1.5 
-2.71312  4.33557 -1.5 
-2.71099  4.31544 -1.5 
-2.70936  4.2953 -1.5 
-2.7082  4.27517 -1.5 
-2.7075  4.25503 -1.5 
-2.70725  4.2349 -1.5 
-2.70743  4.21477 -1.5 
-2.70805  4.19463 -1.5 
-2.70908  4.1745 -1.5 
-2.71053  4.15436 -1.5 
-2.71239  4.13423 -1.5 
-2.71466  4.11409 -1.5 
-2.71732  4.09396 -1.5 
-2.72039  4.07383 -1.5 
-2.72385  4.05369 -1.5 
-2.72727  4.03587 -1.5 
-2.72773  4.03356 -1.5 
-2.73211  4.01342 -1.5 
-2.73691  3.99329 -1.5 
-2.74211  3.97315 -1.5 
-2.74774  3.95302 -1.5 
-2.75378  3.93289 -1.5 
-2.76025  3.91275 -1.5 
-2.76714  3.89262 -1.5 
-2.77448  3.87248 -1.5 
-2.77778  3.86394 -1.5 
-2.7824  3.85235 -1.5 
-2.79088  3.83221 -1.5 
-2.79983  3.81208 -1.5 
-2.80927  3.79195 -1.5 
-2.8192  3.77181 -1.5 

-3.9899  3.20409 -1.5 
-4.02859  3.20805 -1.5 
-4.0404  3.20928 -1.5 
-4.09091  3.21634 -1.5 
-4.14141  3.22531 -1.5 
-4.15481  3.22819 -1.5 
-4.19192  3.23634 -1.5 
-4.23795  3.24832 -1.5 
-4.24242  3.24952 -1.5 
-4.29293  3.26508 -1.5 
-4.30261  3.26846 -1.5 
-4.34343  3.28322 -1.5 
-4.35671  3.28859 -1.5 
-4.39394  3.30426 -1.5 
-4.40355  3.30872 -1.5 
-4.44444  3.32859 -1.5 
-4.44495  3.32886 -1.5 
-4.48141  3.34899 -1.5 
-4.49495  3.35686 -1.5 
-4.51447  3.36913 -1.5 
-4.54476  3.38926 -1.5 
-4.54545  3.38974 -1.5 
-4.57185  3.4094 -1.5 
-4.59596  3.42854 -1.5 
-4.59713  3.42953 -1.5 
-4.61986  3.44966 -1.5 
-4.64112  3.4698 -1.5 
-4.64646  3.47514 -1.5 
-4.66045  3.48993 -1.5 
-4.6783  3.51007 -1.5 
-4.69494  3.5302 -1.5 
-4.69697  3.53281 -1.5 
-4.70998  3.55034 -1.5 
-4.72389  3.57047 -1.5 
-4.73677  3.5906 -1.5 
-4.74747  3.60871 -1.5 
-4.74863  3.61074 -1.5 
-4.75927  3.63087 -1.5 
-4.76903  3.65101 -1.5 
-4.77793  3.67114 -1.5 
-4.78602  3.69128 -1.5 
-4.79331  3.71141 -1.5 
-4.79798  3.7258 -1.5 
-4.79978  3.73154 -1.5 
-4.80541  3.75168 -1.5 
-4.81034  3.77181 -1.5 
-4.81457  3.79195 -1.5 
-4.81812  3.81208 -1.5 
-4.82102  3.83221 -1.5 
-4.82327  3.85235 -1.5 
-4.82488  3.87248 -1.5 
-4.82587  3.89262 -1.5 
-4.82624  3.91275 -1.5 
-4.82599  3.93289 -1.5 
-4.82515  3.95302 -1.5 
-4.8237  3.97315 -1.5 
-4.82165  3.99329 -1.5 
-4.819  4.01342 -1.5 
-4.81576  4.03356 -1.5 
-4.81192  4.05369 -1.5 
-4.80748  4.07383 -1.5 
-4.80244  4.09396 -1.5 
-4.79798  4.10984 -1.5 
-4.79676  4.11409 -1.5 
-4.79035  4.13423 -1.5 
-4.7833  4.15436 -1.5 
-4.77561  4.1745 -1.5 
-4.76727  4.19463 -1.5 
-4.75826  4.21477 -1.5 
-4.74858  4.2349 -1.5 
-4.74747  4.23704 -1.5 
-4.73796  4.25503 -1.5 
-4.7266  4.27517 -1.5 
-4.71451  4.2953 -1.5 
-4.70165  4.31544 -1.5 
-4.69697  4.32238 -1.5 
-4.68777  4.33557 -1.5 
-4.67295  4.3557 -1.5 
-4.65729  4.37584 -1.5 
-4.64646  4.38906 -1.5 
-4.64059  4.39597 -1.5 
-4.62265  4.41611 -1.5 
-4.60379  4.43624 -1.5 
-4.59596  4.44423 -1.5 
-4.58356  4.45638 -1.5 
-4.56205  4.47651 -1.5 
-4.54545  4.49136 -1.5 
-4.53928  4.49664 -1.5 
-4.5148  4.51678 -1.5 
-4.49495  4.53242 -1.5 
-4.48896  4.53691 -1.5 
-4.46113  4.55705 -1.5 
-4.44444  4.56866 -1.5 
-4.43154  4.57718 -1.5 
-4.39995  4.59732 -1.5 
-4.39394  4.60102 -1.5 
-4.36579  4.61745 -1.5 
-4.34343  4.63007 -1.5 
-4.32931  4.63758 -1.5 


# Contour 8, label:       -2
-3.48485  4.65504 -2 
-3.43434  4.64998 -2 
-3.38384  4.64222 -2 
-3.36166  4.63758 -2 
-3.33333  4.63129 -2 
-3.28512  4.61745 -2 
-3.28283  4.61675 -2 
-3.23232  4.5977 -2 
-3.23146  4.59732 -2 
-3.18975  4.57718 -2 
-3.18182  4.57303 -2 
-3.15544  4.55705 -2 
-3.13131  4.54104 -2 
-3.12583  4.53691 -2 
-3.10102  4.51678 -2 
-3.08081  4.49868 -2 
-3.07877  4.49664 -2 
-3.06003  4.47651 -2 
-3.04309  4.45638 -2 
-3.0303  4.43961 -2 
-3.02796  4.43624 -2 
-3.01508  4.41611 -2 
-3.00351  4.39597 -2 
-2.99317  4.37584 -2 
-2.98398  4.3557 -2 
-2.9798  4.3454 -2 
-2.97609  4.33557 -2 
-2.9694  4.31544 -2 
-2.96362  4.2953 -2 
-2.95871  4.27517 -2 
-2.95464  4.25503 -2 
-2.95137  4.2349 -2 
-2.94887  4.21477 -2 
-2.94712  4.19463 -2 
-2.9461  4.1745 -2 
-2.94578  4.15436 -2 
-2.94615  4.13423 -2 
-2.94719  4.11409 -2 
-2.94889  4.09396 -2 
-2.95125  4.07383 -2 
-2.95424  4.05369 -2 
-2.95787  4.03356 -2 
-2.96213  4.01342 -2 
-2.96702  3.99329 -2 
-2.97253  3.97315 -2 
-2.97866  3.95302 -2 
-2.9798  3.94963 -2 
-2.9857  3.93289 -2 
-2.99345  3.91275 -2 
-3.00186  3.89262 -2 
-3.01094  3.87248 -2 
-3.02068  3.85235 -2 
-3.0303  3.83375 -2 
-3.03114  3.83221 -2 
-3.04285  3.81208 -2 
-3.05528  3.79195 -2 
-3.06846  3.77181 -2 
-3.08081  3.75395 -2 
-3.08248  3.75168 -2 
-3.09804  3.73154 -2 
-3.11442  3.71141 -2 
-3.13131  3.69166 -2 
-3.13167  3.69128 -2 
-3.15093  3.67114 -2 
-3.17112  3.65101 -2 
-3.18182  3.64078 -2 
-3.193  3.63087 -2 
-3.2167  3.61074 -2 
-3.23232  3.598 -2 
-3.24218  3.5906 -2 
-3.27008  3.57047 -2 
-3.28283  3.56161 -2 
-3.30063  3.55034 -2 
-3.33333  3.53039 -2 
-3.33367  3.5302 -2 
-3.37147  3.51007 -2 
-3.38384  3.50369 -2 
-3.41383  3.48993 -2 
-3.43434  3.4808 -2 
-3.46253  3.4698 -2 
-3.48485  3.46132 -2 
-3.52052  3.44966 -2 
-3.53535  3.44494 -2 
-3.58586  3.4314 -2 
-3.59444  3.42953 -2 
-3.63636  3.42058 -2 
-3.68687  3.41225 -2 
-3.71119  3.4094 -2 
-3.73737  3.40637 -2 
-3.78788  3.40289 -2 
-3.83838  3.40174 -2 
-3.88889  3.40293 -2 
-3.93939  3.40649 -2 

-3.93939  3.40649 -2 
-3.96408  3.4094 -2 
-3.9899  3.41252 -2 
-4.0404  3.42113 -2 
-4.07829  3.42953 -2 
-4.09091  3.43243 -2 
-4.14141  3.4467 -2 
-4.15025  3.44966 -2 
-4.19192  3.46426 -2 
-4.20554  3.4698 -2 
-4.24242  3.48552 -2 
-4.25153  3.48993 -2 
-4.291  3.51007 -2 
-4.29293  3.5111 -2 
-4.32479  3.5302 -2 
-4.34343  3.54208 -2 
-4.35518  3.55034 -2 
-4.38217  3.57047 -2 
-4.39394  3.57981 -2 
-4.4064  3.5906 -2 
-4.42817  3.61074 -2 
-4.44444  3.62693 -2 
-4.44812  3.63087 -2 
-4.46567  3.65101 -2 
-4.48184  3.67114 -2 
-4.49495  3.68889 -2 
-4.49659  3.69128 -2 
-4.50945  3.71141 -2 
-4.52113  3.73154 -2 
-4.53169  3.75168 -2 
-4.54114  3.77181 -2 
-4.54545  3.78213 -2 
-4.54933  3.79195 -2 
-4.55633  3.81208 -2 
-4.56236  3.83221 -2 
-4.56745  3.85235 -2 
-4.5716  3.87248 -2 
-4.57484  3.89262 -2 
-4.57719  3.91275 -2 
-4.57865  3.93289 -2 
-4.57924  3.95302 -2 
-4.57897  3.97315 -2 
-4.57784  3.99329 -2 
-4.57586  4.01342 -2 
-4.57304  4.03356 -2 
-4.56938  4.05369 -2 
-4.56487  4.07383 -2 
-4.55953  4.09396 -2 
-4.55334  4.11409 -2 
-4.54631  4.13423 -2 
-4.54545  4.13642 -2 
-4.53811  4.15436 -2 
-4.52899  4.1745 -2 
-4.51897  4.19463 -2 
-4.50804  4.21477 -2 
-4.4962  4.2349 -2 
-4.49495  4.23687 -2 
-4.48287  4.25503 -2 
-4.46851  4.27517 -2 
-4.45316  4.2953 -2 
-4.44444  4.30604 -2 
-4.4364  4.31544 -2 
-4.41812  4.33557 -2 
-4.39877  4.3557 -2 
-4.39394  4.36047 -2 
-4.37743  4.37584 -2 
-4.35466  4.39597 -2 
-4.34343  4.40544 -2 
-4.32993  4.41611 -2 
-4.30327  4.43624 -2 
-4.29293  4.44372 -2 
-4.27416  4.45638 -2 
-4.24305  4.47651 -2 
-4.24242  4.4769 -2 
-4.20825  4.49664 -2 
-4.19192  4.50575 -2 
-4.17043  4.51678 -2 
-4.14141  4.53119 -2 
-4.12883  4.53691 -2 
-4.09091  4.55364 -2 
-4.08238  4.55705 -2 
-4.0404  4.5734 -2 
-4.0296  4.57718 -2 
-3.9899  4.59076 -2 
-3.96833  4.59732 -2 
-3.93939  4.60594 -2 
-3.89535  4.61745 -2 
-3.88889  4.61911 -2 
-3.83838  4.63025 -2 
-3.79879  4.63758 -2 
-3.78788  4.63958 -2 
-3.73737  4.64698 -2 
-3.68687  4.65257 -2 
-3.63636  4.65628 -2 
-3.59444  4.65772 -2 
-3.58586  4.65801 -2 
-3.5436  4.65772 -2 
-3.53535  4.65766 -2 
-3.48485  4.65504 -2 


# Contour 9, label:     -2.5
-3.34614  3.85235 -2.5 
-3.36386  3.83221 -2.5 
-3.3829  3.81208 -2.5 
-3.38384  3.81115 -2.5 
-3.40571  3.79195 -2.5 
-3.43012  3.77181 -2.5 
-3.43434  3.76853 -2.5 
-3.45915  3.75168 -2.5 
-3.48485  3.73515 -2.5 
-3.49142  3.73154 -2.5 
-3.52998  3.71141 -2.5 
-3.53535  3.70874 -2.5 
-3.57763  3.69128 -2.5 
-3.58586  3.68802 -2.5 
-3.63636  3.67214 -2.5 
-3.64062  3.67114 -2.5 
-3.68687  3.66075 -2.5 
-3.73737  3.65327 -2.5 
-3.76941  3.65101 -2.5 
-3.78788  3.64974 -2.5 
-3.83838  3.6501 -2.5 

-3.83838  3.6501 -2.5 
-3.84938  3.65101 -2.5 
-3.88889  3.65446 -2.5 
-3.93939  3.66303 -2.5 
-3.97138  3.67114 -2.5 
-3.9899  3.67615 -2.5 
-4.03175  3.69128 -2.5 
-4.0404  3.69464 -2.5 
-4.07496  3.71141 -2.5 
-4.09091  3.71981 -2.5 
-4.10952  3.73154 -2.5 
-4.13871  3.75168 -2.5 
-4.14141  3.75371 -2.5 
-4.16209  3.77181 -2.5 
-4.18278  3.79195 -2.5 
-4.19192  3.80187 -2.5 
-4.20021  3.81208 -2.5 
-4.21472  3.83221 -2.5 
-4.22734  3.85235 -2.5 
-4.23814  3.87248 -2.5 
-4.24242  3.88199 -2.5 
-4.24673  3.89262 -2.5 
-4.25334  3.91275 -2.5 
-4.25842  3.93289 -2.5 
-4.262  3.95302 -2.5 
-4.26409  3.97315 -2.5 
-4.26473  3.99329 -2.5 
-4.26393  4.01342 -2.5 
-4.26172  4.03356 -2.5 
-4.25811  4.05369 -2.5 
-4.25313  4.07383 -2.5 
-4.24677  4.09396 -2.5 
-4.24242  4.10528 -2.5 
-4.23874  4.11409 -2.5 
-4.22885  4.13423 -2.5 
-4.2175  4.15436 -2.5 
-4.20472  4.1745 -2.5 
-4.19192  4.19262 -2.5 
-4.19036  4.19463 -2.5 
-4.17313  4.21477 -2.5 
-4.15438  4.2349 -2.5 
-4.14141  4.24777 -2.5 
-4.13328  4.25503 -2.5 
-4.10905  4.27517 -2.5 
-4.09091  4.28929 -2.5 
-4.08222  4.2953 -2.5 
-4.05132  4.31544 -2.5 
-4.0404  4.32216 -2.5 
-4.01554  4.33557 -2.5 
-3.9899  4.34873 -2.5 
-3.97406  4.3557 -2.5 
-3.93939  4.3703 -2.5 
-3.9236  4.37584 -2.5 
-3.88889  4.38755 -2.5 
-3.85777  4.39597 -2.5 
-3.83838  4.40104 -2.5 
-3.78788  4.41095 -2.5 
-3.74829  4.41611 -2.5 
-3.73737  4.41749 -2.5 
-3.68687  4.42047 -2.5 
-3.63636  4.41993 -2.5 
-3.59156  4.41611 -2.5 
-3.58586  4.41558 -2.5 
-3.53535  4.4067 -2.5 
-3.49542  4.39597 -2.5 
-3.48485  4.39287 -2.5 
-3.44185  4.37584 -2.5 
-3.43434  4.37256 -2.5 
-3.40374  4.3557 -2.5 
-3.38384  4.34346 -2.5 
-3.37319  4.33557 -2.5 
-3.34884  4.31544 -2.5 
-3.33333  4.30092 -2.5 
-3.32818  4.2953 -2.5 
-3.31177  4.27517 -2.5 
-3.29756  4.25503 -2.5 
-3.28539  4.2349 -2.5 
-3.28283  4.22993 -2.5 
-3.27593  4.21477 -2.5 
-3.26835  4.19463 -2.5 
-3.26231  4.1745 -2.5 
-3.25775  4.15436 -2.5 
-3.2546  4.13423 -2.5 
-3.25281  4.11409 -2.5 
-3.25233  4.09396 -2.5 
-3.25314  4.07383 -2.5 
-3.25518  4.05369 -2.5 
-3.25843  4.03356 -2.5 
-3.26288  4.01342 -2.5 
-3.26848  3.99329 -2.5 
-3.27524  3.97315 -2.5 
-3.28283  3.9538 -2.5 
-3.28316  3.95302 -2.5 
-3.29308  3.93289 -2.5 
-3.30421  3.91275 -2.5 
-3.31655  3.89262 -2.5 
-3.3301  3.87248 -2.5 
-3.33333  3.86808 -2.5 
-3.34614  3.85235 -2.5 

