0.083333    0.083333    0.000000
0.138889    0.083333    0.000000
0.194444    0.083333    0.000000
0.250000    0.083333    0.000000
0.305556    0.083333    0.000000
0.361111    0.083333    0.000000
0.416667    0.083333    0.000000
0.472222    0.083333    0.000000
0.527778    0.083333    0.000000
0.583333    0.083333    0.000000
0.638889    0.083333    0.000000
0.694444    0.083333    0.000000
0.750000    0.083333    0.000000
0.805556    0.083333    0.000000
0.861111    0.083333    0.000000
0.916667    0.083333    0.000000
0.972222    0.083333    0.000000
1.027778    0.083333    0.000000
1.083333    0.083333    0.000000
1.138889    0.083333    0.000000
1.194444    0.083333    0.000000
0.083333    0.138889    nan
0.138889    0.138889    0.000000
0.194444    0.138889    nan
0.250000    0.138889    nan
0.305556    0.138889    nan
0.361111    0.138889    nan
0.416667    0.138889    nan
0.472222    0.138889    nan
0.527778    0.138889    nan
0.583333    0.138889    nan
0.638889    0.138889    nan
0.694444    0.138889    nan
0.750000    0.138889    nan
0.805556    0.138889    nan
0.861111    0.138889    nan
0.916667    0.138889    nan
0.972222    0.138889    nan
1.027778    0.138889    nan
1.083333    0.138889    nan
1.138889    0.138889    0.000000
1.194444    0.138889    nan
0.083333    0.194444    nan
0.138889    0.194444    0.000000
0.194444    0.194444    nan
0.250000    0.194444    nan
0.305556    0.194444    nan
0.361111    0.194444    nan
0.416667    0.194444    nan
0.472222    0.194444    nan
0.527778    0.194444    nan
0.583333    0.194444    nan
0.638889    0.194444    nan
0.694444    0.194444    nan
0.750000    0.194444    nan
0.805556    0.194444    nan
0.861111    0.194444    nan
0.916667    0.194444    nan
0.972222    0.194444    nan
1.027778    0.194444    nan
1.083333    0.194444    nan
1.138889    0.194444    0.000000
1.194444    0.194444    nan
0.083333    0.250000    nan
0.138889    0.250000    0.000000
0.194444    0.250000    nan
0.250000    0.250000    nan
0.305556    0.250000    nan
0.361111    0.250000    nan
0.416667    0.250000    nan
0.472222    0.250000    nan
0.527778    0.250000    nan
0.583333    0.250000    nan
0.638889    0.250000    nan
0.694444    0.250000    nan
0.750000    0.250000    nan
0.805556    0.250000    nan
0.861111    0.250000    nan
0.916667    0.250000    nan
0.972222    0.250000    nan
1.027778    0.250000    nan
1.083333    0.250000    nan
1.138889    0.250000    0.000000
1.194444    0.250000    nan
0.083333    0.305556    nan
0.138889    0.305556    0.000000
0.194444    0.305556    nan
0.250000    0.305556    nan
0.305556    0.305556    nan
0.361111    0.305556    nan
0.416667    0.305556    nan
0.472222    0.305556    nan
0.527778    0.305556    nan
0.583333    0.305556    nan
0.638889    0.305556    nan
0.694444    0.305556    nan
0.750000    0.305556    nan
0.805556    0.305556    nan
0.861111    0.305556    nan
0.916667    0.305556    nan
0.972222    0.305556    nan
1.027778    0.305556    nan
1.083333    0.305556    nan
1.138889    0.305556    0.000000
1.194444    0.305556    nan
0.083333    0.361111    nan
0.138889    0.361111    0.000000
0.194444    0.361111    nan
0.250000    0.361111    nan
0.305556    0.361111    nan
0.361111    0.361111    nan
0.416667    0.361111    nan
0.472222    0.361111    nan
0.527778    0.361111    nan
0.583333    0.361111    nan
0.638889    0.361111    nan
0.694444    0.361111    nan
0.750000    0.361111    nan
0.805556    0.361111    nan
0.861111    0.361111    nan
0.916667    0.361111    nan
0.972222    0.361111    nan
1.027778    0.361111    nan
1.083333    0.361111    nan
1.138889    0.361111    0.000000
1.194444    0.361111    nan
0.083333    0.416667    nan
0.138889    0.416667    0.000000
0.194444    0.416667    nan
0.250000    0.416667    nan
0.305556    0.416667    nan
0.361111    0.416667    nan
0.416667    0.416667    nan
0.472222    0.416667    nan
0.527778    0.416667    nan
0.583333    0.416667    nan
0.638889    0.416667    nan
0.694444    0.416667    nan
0.750000    0.416667    nan
0.805556    0.416667    nan
0.861111    0.416667    nan
0.916667    0.416667    nan
0.972222    0.416667    nan
1.027778    0.416667    nan
1.083333    0.416667    nan
1.138889    0.416667    0.000000
1.194444    0.416667    nan
0.083333    0.472222    nan
0.138889    0.472222    0.000000
0.194444    0.472222    nan
0.250000    0.472222    nan
0.305556    0.472222    nan
0.361111    0.472222    nan
0.416667    0.472222    nan
0.472222    0.472222    nan
0.527778    0.472222    nan
0.583333    0.472222    nan
0.638889    0.472222    nan
0.694444    0.472222    nan
0.750000    0.472222    nan
0.805556    0.472222    nan
0.861111    0.472222    nan
0.916667    0.472222    nan
0.972222    0.472222    nan
1.027778    0.472222    nan
1.083333    0.472222    nan
1.138889    0.472222    0.000000
1.194444    0.472222    nan
0.083333    0.527778    nan
0.138889    0.527778    0.000000
0.194444    0.527778    nan
0.250000    0.527778    nan
0.305556    0.527778    nan
0.361111    0.527778    nan
0.416667    0.527778    nan
0.472222    0.527778    nan
0.527778    0.527778    nan
0.583333    0.527778    nan
0.638889    0.527778    nan
0.694444    0.527778    nan
0.750000    0.527778    nan
0.805556    0.527778    nan
0.861111    0.527778    nan
0.916667    0.527778    nan
0.972222    0.527778    nan
1.027778    0.527778    nan
1.083333    0.527778    nan
1.138889    0.527778    0.000000
1.194444    0.527778    nan
0.083333    0.583333    nan
0.138889    0.583333    0.000000
0.194444    0.583333    nan
0.250000    0.583333    nan
0.305556    0.583333    nan
0.361111    0.583333    nan
0.416667    0.583333    nan
0.472222    0.583333    nan
0.527778    0.583333    nan
0.583333    0.583333    nan
0.638889    0.583333    nan
0.694444    0.583333    nan
0.750000    0.583333    nan
0.805556    0.583333    nan
0.861111    0.583333    nan
0.916667    0.583333    nan
0.972222    0.583333    nan
1.027778    0.583333    nan
1.083333    0.583333    nan
1.138889    0.583333    0.000000
1.194444    0.583333    nan
0.083333    0.638889    nan
0.138889    0.638889    0.000000
0.194444    0.638889    nan
0.250000    0.638889    nan
0.305556    0.638889    nan
0.361111    0.638889    nan
0.416667    0.638889    nan
0.472222    0.638889    nan
0.527778    0.638889    nan
0.583333    0.638889    nan
0.638889    0.638889    nan
0.694444    0.638889    nan
0.750000    0.638889    nan
0.805556    0.638889    nan
0.861111    0.638889    nan
0.916667    0.638889    nan
0.972222    0.638889    nan
1.027778    0.638889    nan
1.083333    0.638889    nan
1.138889    0.638889    0.000000
1.194444    0.638889    nan
0.083333    0.694444    nan
0.138889    0.694444    0.000000
0.194444    0.694444    nan
0.250000    0.694444    nan
0.305556    0.694444    nan
0.361111    0.694444    nan
0.416667    0.694444    nan
0.472222    0.694444    nan
0.527778    0.694444    nan
0.583333    0.694444    nan
0.638889    0.694444    nan
0.694444    0.694444    nan
0.750000    0.694444    nan
0.805556    0.694444    nan
0.861111    0.694444    nan
0.916667    0.694444    nan
0.972222    0.694444    nan
1.027778    0.694444    nan
1.083333    0.694444    nan
1.138889    0.694444    0.000000
1.194444    0.694444    nan
0.083333    0.750000    nan
0.138889    0.750000    0.000000
0.194444    0.750000    nan
0.250000    0.750000    nan
0.305556    0.750000    nan
0.361111    0.750000    nan
0.416667    0.750000    nan
0.472222    0.750000    nan
0.527778    0.750000    nan
0.583333    0.750000    nan
0.638889    0.750000    nan
0.694444    0.750000    nan
0.750000    0.750000    nan
0.805556    0.750000    nan
0.861111    0.750000    nan
0.916667    0.750000    nan
0.972222    0.750000    nan
1.027778    0.750000    nan
1.083333    0.750000    nan
1.138889    0.750000    0.000000
1.194444    0.750000    nan
0.083333    0.805556    nan
0.138889    0.805556    0.000000
0.194444    0.805556    nan
0.250000    0.805556    nan
0.305556    0.805556    nan
0.361111    0.805556    nan
0.416667    0.805556    nan
0.472222    0.805556    nan
0.527778    0.805556    nan
0.583333    0.805556    nan
0.638889    0.805556    nan
0.694444    0.805556    nan
0.750000    0.805556    nan
0.805556    0.805556    nan
0.861111    0.805556    nan
0.916667    0.805556    nan
0.972222    0.805556    nan
1.027778    0.805556    nan
1.083333    0.805556    nan
1.138889    0.805556    0.000000
1.194444    0.805556    nan
0.083333    0.861111    nan
0.138889    0.861111    0.000000
0.194444    0.861111    nan
0.250000    0.861111    nan
0.305556    0.861111    nan
0.361111    0.861111    nan
0.416667    0.861111    nan
0.472222    0.861111    nan
0.527778    0.861111    nan
0.583333    0.861111    nan
0.638889    0.861111    nan
0.694444    0.861111    nan
0.750000    0.861111    nan
0.805556    0.861111    nan
0.861111    0.861111    nan
0.916667    0.861111    nan
0.972222    0.861111    nan
1.027778    0.861111    nan
1.083333    0.861111    nan
1.138889    0.861111    0.000000
1.194444    0.861111    nan
0.083333    0.916667    nan
0.138889    0.916667    0.000000
0.194444    0.916667    nan
0.250000    0.916667    nan
0.305556    0.916667    nan
0.361111    0.916667    nan
0.416667    0.916667    nan
0.472222    0.916667    nan
0.527778    0.916667    nan
0.583333    0.916667    nan
0.638889    0.916667    nan
0.694444    0.916667    nan
0.750000    0.916667    nan
0.805556    0.916667    nan
0.861111    0.916667    nan
0.916667    0.916667    nan
0.972222    0.916667    nan
1.027778    0.916667    nan
1.083333    0.916667    nan
1.138889    0.916667    0.000000
1.194444    0.916667    nan
0.083333    0.972222    nan
0.138889    0.972222    0.000000
0.194444    0.972222    nan
0.250000    0.972222    nan
0.305556    0.972222    nan
0.361111    0.972222    nan
0.416667    0.972222    nan
0.472222    0.972222    nan
0.527778    0.972222    nan
0.583333    0.972222    nan
0.638889    0.972222    nan
0.694444    0.972222    nan
0.750000    0.972222    nan
0.805556    0.972222    nan
0.861111    0.972222    nan
0.916667    0.972222    nan
0.972222    0.972222    nan
1.027778    0.972222    nan
1.083333    0.972222    nan
1.138889    0.972222    0.000000
1.194444    0.972222    nan
0.083333    1.027778    nan
0.138889    1.027778    0.000000
0.194444    1.027778    nan
0.250000    1.027778    nan
0.305556    1.027778    nan
0.361111    1.027778    nan
0.416667    1.027778    nan
0.472222    1.027778    nan
0.527778    1.027778    nan
0.583333    1.027778    nan
0.638889    1.027778    nan
0.694444    1.027778    nan
0.750000    1.027778    nan
0.805556    1.027778    nan
0.861111    1.027778    nan
0.916667    1.027778    nan
0.972222    1.027778    nan
1.027778    1.027778    nan
1.083333    1.027778    nan
1.138889    1.027778    0.000000
1.194444    1.027778    nan
0.083333    1.083333    nan
0.138889    1.083333    0.000000
0.194444    1.083333    nan
0.250000    1.083333    nan
0.305556    1.083333    nan
0.361111    1.083333    nan
0.416667    1.083333    nan
0.472222    1.083333    nan
0.527778    1.083333    nan
0.583333    1.083333    nan
0.638889    1.083333    nan
0.694444    1.083333    nan
0.750000    1.083333    nan
0.805556    1.083333    nan
0.861111    1.083333    nan
0.916667    1.083333    nan
0.972222    1.083333    nan
1.027778    1.083333    nan
1.083333    1.083333    nan
1.138889    1.083333    0.000000
1.194444    1.083333    nan
0.083333    1.138889    nan
0.138889    1.138889    0.000000
0.194444    1.138889    nan
0.250000    1.138889    nan
0.305556    1.138889    nan
0.361111    1.138889    nan
0.416667    1.138889    nan
0.472222    1.138889    nan
0.527778    1.138889    nan
0.583333    1.138889    nan
0.638889    1.138889    nan
0.694444    1.138889    nan
0.750000    1.138889    nan
0.805556    1.138889    nan
0.861111    1.138889    nan
0.916667    1.138889    nan
0.972222    1.138889    nan
1.027778    1.138889    nan
1.083333    1.138889    nan
1.138889    1.138889    0.000000
1.194444    1.138889    nan
