0.000000     0.000000     0.000000
0.025000     0.000000     0.025000
0.050000     0.000000     0.050000
0.075000     0.000000     0.075000
0.100000     0.000000     0.100000
0.125000     0.000000     0.125000
0.150000     0.000000     0.150000
0.175000     0.000000     0.175000
0.200000     0.000000     0.200000
0.225000     0.000000     0.225000
0.250000     0.000000     0.250000
0.275000     0.000000     0.275000
0.300000     0.000000     0.300000
0.325000     0.000000     0.325000
0.350000     0.000000     0.350000
0.375000     0.000000     0.375000
0.400000     0.000000     0.400000
0.425000     0.000000     0.425000
0.450000     0.000000     0.450000
0.475000     0.000000     0.475000
0.500000     0.000000     0.500000
0.525000     0.000000     0.475000
0.550000     0.000000     0.450000
0.575000     0.000000     0.425000
0.600000     0.000000     0.400000
0.625000     0.000000     0.375000
0.650000     0.000000     0.350000
0.675000     0.000000     0.325000
0.700000     0.000000     0.300000
0.725000     0.000000     0.275000
0.750000     0.000000     0.250000
0.775000     0.000000     0.225000
0.800000     0.000000     0.200000
0.825000     0.000000     0.175000
0.850000     0.000000     0.150000
0.875000     0.000000     0.125000
0.900000     0.000000     0.100000
0.925000     0.000000     0.075000
0.950000     0.000000     0.050000
0.975000     0.000000     0.025000
1.000000     0.000000     0.000000

0.000000     0.000500     0.000000
0.025000     0.000500     0.025000
0.050000     0.000500     0.050000
0.075000     0.000500     0.075000
0.100000     0.000500     0.100000
0.125000     0.000500     0.125000
0.150000     0.000500     0.150000
0.175000     0.000500     0.175000
0.200000     0.000500     0.200000
0.225000     0.000500     0.225000
0.250000     0.000500     0.250000
0.275000     0.000500     0.274999
0.300000     0.000500     0.299996
0.325000     0.000500     0.324989
0.350000     0.000500     0.349968
0.375000     0.000500     0.374906
0.400000     0.000500     0.399726
0.425000     0.000500     0.424205
0.450000     0.000500     0.447689
0.475000     0.000500     0.468283
0.500000     0.000500     0.480482
0.525000     0.000500     0.468283
0.550000     0.000500     0.447689
0.575000     0.000500     0.424205
0.600000     0.000500     0.399726
0.625000     0.000500     0.374906
0.650000     0.000500     0.349968
0.675000     0.000500     0.324989
0.700000     0.000500     0.299996
0.725000     0.000500     0.274999
0.750000     0.000500     0.250000
0.775000     0.000500     0.225000
0.800000     0.000500     0.200002
0.825000     0.000500     0.175005
0.850000     0.000500     0.150014
0.875000     0.000500     0.125042
0.900000     0.000500     0.100121
0.925000     0.000500     0.075351
0.950000     0.000500     0.051019
0.975000     0.000500     0.027961
1.000000     0.000500     0.000000

0.000000     0.001000     0.000000
0.025000     0.001000     0.025000
0.050000     0.001000     0.050000
0.075000     0.001000     0.075000
0.100000     0.001000     0.100000
0.125000     0.001000     0.125000
0.150000     0.001000     0.150000
0.175000     0.001000     0.175000
0.200000     0.001000     0.200000
0.225000     0.001000     0.224999
0.250000     0.001000     0.249997
0.275000     0.001000     0.274992
0.300000     0.001000     0.299979
0.325000     0.001000     0.324944
0.350000     0.001000     0.349853
0.375000     0.001000     0.374618
0.400000     0.001000     0.399023
0.425000     0.001000     0.422548
0.450000     0.001000     0.444002
0.475000     0.001000     0.460848
0.500000     0.001000     0.468399
0.525000     0.001000     0.460848
0.550000     0.001000     0.444002
0.575000     0.001000     0.422548
0.600000     0.001000     0.399023
0.625000     0.001000     0.374618
0.650000     0.001000     0.349853
0.675000     0.001000     0.324944
0.700000     0.001000     0.299979
0.725000     0.001000     0.274993
0.750000     0.001000     0.249998
0.775000     0.001000     0.225002
0.800000     0.001000     0.200009
0.825000     0.001000     0.175024
0.850000     0.001000     0.150063
0.875000     0.001000     0.125163
0.900000     0.001000     0.100415
0.925000     0.001000     0.076035
0.950000     0.001000     0.052510
0.975000     0.001000     0.030850
1.000000     0.001000     0.000000

0.000000     0.001500     0.000000
0.025000     0.001500     0.025000
0.050000     0.001500     0.050000
0.075000     0.001500     0.075000
0.100000     0.001500     0.100000
0.125000     0.001500     0.125000
0.150000     0.001500     0.150000
0.175000     0.001500     0.174999
0.200000     0.001500     0.199998
0.225000     0.001500     0.224996
0.250000     0.001500     0.249989
0.275000     0.001500     0.274973
0.300000     0.001500     0.299934
0.325000     0.001500     0.324838
0.350000     0.001500     0.349611
0.375000     0.001500     0.374081
0.400000     0.001500     0.397880
0.425000     0.001500     0.420252
0.450000     0.001500     0.439753
0.475000     0.001500     0.453943
0.500000     0.001500     0.459503
0.525000     0.001500     0.453943
0.550000     0.001500     0.439753
0.575000     0.001500     0.420252
0.600000     0.001500     0.397880
0.625000     0.001500     0.374081
0.650000     0.001500     0.349611
0.675000     0.001500     0.324839
0.700000     0.001500     0.299935
0.725000     0.001500     0.274975
0.750000     0.001500     0.249994
0.775000     0.001500     0.225007
0.800000     0.001500     0.200026
0.825000     0.001500     0.175067
0.850000     0.001500     0.150161
0.875000     0.001500     0.125379
0.900000     0.001500     0.100865
0.925000     0.001500     0.076915
0.950000     0.001500     0.054064
0.975000     0.001500     0.033154
1.000000     0.001500     0.000000

0.000000     0.002000     0.000000
0.025000     0.002000     0.025000
0.050000     0.002000     0.050000
0.075000     0.002000     0.075000
0.100000     0.002000     0.100000
0.125000     0.002000     0.125000
0.150000     0.002000     0.149999
0.175000     0.002000     0.174998
0.200000     0.002000     0.199995
0.225000     0.002000     0.224988
0.250000     0.002000     0.249972
0.275000     0.002000     0.274934
0.300000     0.002000     0.299846
0.325000     0.002000     0.324649
0.350000     0.002000     0.349215
0.375000     0.002000     0.373287
0.400000     0.002000     0.396367
0.425000     0.002000     0.417554
0.450000     0.002000     0.435369
0.475000     0.002000     0.447705
0.500000     0.002000     0.452243
0.525000     0.002000     0.447705
0.550000     0.002000     0.435369
0.575000     0.002000     0.417554
0.600000     0.002000     0.396367
0.625000     0.002000     0.373287
0.650000     0.002000     0.349216
0.675000     0.002000     0.324650
0.700000     0.002000     0.299848
0.725000     0.002000     0.274939
0.750000     0.002000     0.249984
0.775000     0.002000     0.225015
0.800000     0.002000     0.200058
0.825000     0.002000     0.175140
0.850000     0.002000     0.150315
0.875000     0.002000     0.125681
0.900000     0.002000     0.101424
0.925000     0.002000     0.077866
0.950000     0.002000     0.055499
0.975000     0.002000     0.034924
1.000000     0.002000     0.000000

0.000000     0.002500     0.000000
0.025000     0.002500     0.025000
0.050000     0.002500     0.050000
0.075000     0.002500     0.075000
0.100000     0.002500     0.100000
0.125000     0.002500     0.124999
0.150000     0.002500     0.149998
0.175000     0.002500     0.174995
0.200000     0.002500     0.199988
0.225000     0.002500     0.224973
0.250000     0.002500     0.249939
0.275000     0.002500     0.274864
0.300000     0.002500     0.299702
0.325000     0.002500     0.324360
0.350000     0.002500     0.348657
0.375000     0.002500     0.372257
0.400000     0.002500     0.394568
0.425000     0.002500     0.414632
0.450000     0.002500     0.431042
0.475000     0.002500     0.442043
0.500000     0.002500     0.445966
0.525000     0.002500     0.442043
0.550000     0.002500     0.431042
0.575000     0.002500     0.414632
0.600000     0.002500     0.394568
0.625000     0.002500     0.372257
0.650000     0.002500     0.348658
0.675000     0.002500     0.324362
0.700000     0.002500     0.299707
0.725000     0.002500     0.274875
0.750000     0.002500     0.249964
0.775000     0.002500     0.225028
0.800000     0.002500     0.200107
0.825000     0.002500     0.175247
0.850000     0.002500     0.150520
0.875000     0.002500     0.126051
0.900000     0.002500     0.102044
0.925000     0.002500     0.078812
0.950000     0.002500     0.056763
0.975000     0.002500     0.036294
1.000000     0.002500     0.000000

0.000000     0.003000     0.000000
0.025000     0.003000     0.025000
0.050000     0.003000     0.050000
0.075000     0.003000     0.075000
0.100000     0.003000     0.099999
0.125000     0.003000     0.124998
0.150000     0.003000     0.149995
0.175000     0.003000     0.174989
0.200000     0.003000     0.199976
0.225000     0.003000     0.224947
0.250000     0.003000     0.249885
0.275000     0.003000     0.274756
0.300000     0.003000     0.299492
0.325000     0.003000     0.323964
0.350000     0.003000     0.347941
0.375000     0.003000     0.371023
0.400000     0.003000     0.392564
0.425000     0.003000     0.411600
0.450000     0.003000     0.426846
0.475000     0.003000     0.436847
0.500000     0.003000     0.440355
0.525000     0.003000     0.436847
0.550000     0.003000     0.426846
0.575000     0.003000     0.411600
0.600000     0.003000     0.392565
0.625000     0.003000     0.371024
0.650000     0.003000     0.347943
0.675000     0.003000     0.323968
0.700000     0.003000     0.299501
0.725000     0.003000     0.274777
0.750000     0.003000     0.249931
0.775000     0.003000     0.225042
0.800000     0.003000     0.200173
0.825000     0.003000     0.175385
0.850000     0.003000     0.150770
0.875000     0.003000     0.126468
0.900000     0.003000     0.102688
0.925000     0.003000     0.079711
0.950000     0.003000     0.057859
0.975000     0.003000     0.037376
1.000000     0.003000     0.000000

0.000000     0.003500     0.000000
0.025000     0.003500     0.025000
0.050000     0.003500     0.050000
0.075000     0.003500     0.074999
0.100000     0.003500     0.099998
0.125000     0.003500     0.124996
0.150000     0.003500     0.149990
0.175000     0.003500     0.174979
0.200000     0.003500     0.199955
0.225000     0.003500     0.224906
0.250000     0.003500     0.249804
0.275000     0.003500     0.274602
0.300000     0.003500     0.299208
0.325000     0.003500     0.323459
0.350000     0.003500     0.347080
0.375000     0.003500     0.369624
0.400000     0.003500     0.390418
0.425000     0.003500     0.408530
0.450000     0.003500     0.422805
0.475000     0.003500     0.432030
0.500000     0.003500     0.435232
0.525000     0.003500     0.432030
0.550000     0.003500     0.422806
0.575000     0.003500     0.408531
0.600000     0.003500     0.390419
0.625000     0.003500     0.369626
0.650000     0.003500     0.347084
0.675000     0.003500     0.323468
0.700000     0.003500     0.299226
0.725000     0.003500     0.274639
0.750000     0.003500     0.249880
0.775000     0.003500     0.225057
0.800000     0.003500     0.200253
0.825000     0.003500     0.175551
0.850000     0.003500     0.151054
0.875000     0.003500     0.126913
0.900000     0.003500     0.103329
0.925000     0.003500     0.080546
0.950000     0.003500     0.058806
0.975000     0.003500     0.038250
1.000000     0.003500     0.000000

0.000000     0.004000     0.000000
0.025000     0.004000     0.025000
0.050000     0.004000     0.049999
0.075000     0.004000     0.074998
0.100000     0.004000     0.099996
0.125000     0.004000     0.124992
0.150000     0.004000     0.149982
0.175000     0.004000     0.174963
0.200000     0.004000     0.199924
0.225000     0.004000     0.224846
0.250000     0.004000     0.249692
0.275000     0.004000     0.274398
0.300000     0.004000     0.298849
0.325000     0.004000     0.322850
0.350000     0.004000     0.346090
0.375000     0.004000     0.368092
0.400000     0.004000     0.388178
0.425000     0.004000     0.405465
0.450000     0.004000     0.418921
0.475000     0.004000     0.427522
0.500000     0.004000     0.430487
0.525000     0.004000     0.427522
0.550000     0.004000     0.418921
0.575000     0.004000     0.405466
0.600000     0.004000     0.388180
0.625000     0.004000     0.368095
0.650000     0.004000     0.346097
0.675000     0.004000     0.322864
0.700000     0.004000     0.298878
0.725000     0.004000     0.274457
0.750000     0.004000     0.249808
0.775000     0.004000     0.225069
0.800000     0.004000     0.200346
0.825000     0.004000     0.175737
0.850000     0.004000     0.151362
0.875000     0.004000     0.127371
0.900000     0.004000     0.103952
0.925000     0.004000     0.081311
0.950000     0.004000     0.059628
0.975000     0.004000     0.038972
1.000000     0.004000     0.000000

0.000000     0.004500     0.000000
0.025000     0.004500     0.024999
0.050000     0.004500     0.049999
0.075000     0.004500     0.074997
0.100000     0.004500     0.099993
0.125000     0.004500     0.124985
0.150000     0.004500     0.149970
0.175000     0.004500     0.174939
0.200000     0.004500     0.199879
0.225000     0.004500     0.224763
0.250000     0.004500     0.249544
0.275000     0.004500     0.274140
0.300000     0.004500     0.298413
0.325000     0.004500     0.322143
0.350000     0.004500     0.344988
0.375000     0.004500     0.366456
0.400000     0.004500     0.385880
0.425000     0.004500     0.402430
0.450000     0.004500     0.415186
0.475000     0.004500     0.423272
0.500000     0.004500     0.426047
0.525000     0.004500     0.423273
0.550000     0.004500     0.415186
0.575000     0.004500     0.402431
0.600000     0.004500     0.385882
0.625000     0.004500     0.366462
0.650000     0.004500     0.344999
0.675000     0.004500     0.322166
0.700000     0.004500     0.298459
0.725000     0.004500     0.274228
0.750000     0.004500     0.249712
0.775000     0.004500     0.225075
0.800000     0.004500     0.200445
0.825000     0.004500     0.175938
0.850000     0.004500     0.151683
0.875000     0.004500     0.127829
0.900000     0.004500     0.104547
0.925000     0.004500     0.082010
0.950000     0.004500     0.060345
0.975000     0.004500     0.039578
1.000000     0.004500     0.000000

0.000000     0.005000     0.000000
0.025000     0.005000     0.024999
0.050000     0.005000     0.049997
0.075000     0.005000     0.074994
0.100000     0.005000     0.099988
0.125000     0.005000     0.124976
0.150000     0.005000     0.149952
0.175000     0.005000     0.174906
0.200000     0.005000     0.199819
0.225000     0.005000     0.224655
0.250000     0.005000     0.249358
0.275000     0.005000     0.273827
0.300000     0.005000     0.297904
0.325000     0.005000     0.321346
0.350000     0.005000     0.343791
0.375000     0.005000     0.364741
0.400000     0.005000     0.383547
0.425000     0.005000     0.399438
0.450000     0.005000     0.411589
0.475000     0.005000     0.419243
0.500000     0.005000     0.421860
0.525000     0.005000     0.419243
0.550000     0.005000     0.411590
0.575000     0.005000     0.399440
0.600000     0.005000     0.383552
0.625000     0.005000     0.364750
0.650000     0.005000     0.343809
0.675000     0.005000     0.321381
0.700000     0.005000     0.297971
0.725000     0.005000     0.273952
0.750000     0.005000     0.249588
0.775000     0.005000     0.225070
0.800000     0.005000     0.200545
0.825000     0.005000     0.176147
0.850000     0.005000     0.152009
0.875000     0.005000     0.128279
0.900000     0.005000     0.105110
0.925000     0.005000     0.082646
0.950000     0.005000     0.060977
0.975000     0.005000     0.040096
1.000000     0.005000     0.000000

0.000000     0.005500     0.000000
0.025000     0.005500     0.024998
0.050000     0.005500     0.049996
0.075000     0.005500     0.074991
0.100000     0.005500     0.099981
0.125000     0.005500     0.124963
0.150000     0.005500     0.149928
0.175000     0.005500     0.174862
0.200000     0.005500     0.199740
0.225000     0.005500     0.224520
0.250000     0.005500     0.249131
0.275000     0.005500     0.273458
0.300000     0.005500     0.297325
0.325000     0.005500     0.320469
0.350000     0.005500     0.342515
0.375000     0.005500     0.362966
0.400000     0.005500     0.381199
0.425000     0.005500     0.396497
0.450000     0.005500     0.408119
0.475000     0.005500     0.415403
0.500000     0.005500     0.417886
0.525000     0.005500     0.415403
0.550000     0.005500     0.408120
0.575000     0.005500     0.396501
0.600000     0.005500     0.381206
0.625000     0.005500     0.362980
0.650000     0.005500     0.342542
0.675000     0.005500     0.320519
0.700000     0.005500     0.297419
0.725000     0.005500     0.273629
0.750000     0.005500     0.249436
0.775000     0.005500     0.225051
0.800000     0.005500     0.200643
0.825000     0.005500     0.176357
0.850000     0.005500     0.152333
0.875000     0.005500     0.128714
0.900000     0.005500     0.105639
0.925000     0.005500     0.083225
0.950000     0.005500     0.061536
0.975000     0.005500     0.040545
1.000000     0.005500     0.000000

0.000000     0.006000     0.000000
0.025000     0.006000     0.024997
0.050000     0.006000     0.049993
0.075000     0.006000     0.074985
0.100000     0.006000     0.099971
0.125000     0.006000     0.124944
0.150000     0.006000     0.149895
0.175000     0.006000     0.174804
0.200000     0.006000     0.199641
0.225000     0.006000     0.224355
0.250000     0.006000     0.248863
0.275000     0.006000     0.273036
0.300000     0.006000     0.296681
0.325000     0.006000     0.319520
0.350000     0.006000     0.341173
0.375000     0.006000     0.361147
0.400000     0.006000     0.378848
0.425000     0.006000     0.393611
0.450000     0.006000     0.404765
0.475000     0.006000     0.411728
0.500000     0.006000     0.414097
0.525000     0.006000     0.411729
0.550000     0.006000     0.404768
0.575000     0.006000     0.393616
0.600000     0.006000     0.378859
0.625000     0.006000     0.361168
0.650000     0.006000     0.341211
0.675000     0.006000     0.319590
0.700000     0.006000     0.296807
0.725000     0.006000     0.273260
0.750000     0.006000     0.249252
0.775000     0.006000     0.225015
0.800000     0.006000     0.200732
0.825000     0.006000     0.176562
0.850000     0.006000     0.152649
0.875000     0.006000     0.129131
0.900000     0.006000     0.106133
0.925000     0.006000     0.083754
0.950000     0.006000     0.062034
0.975000     0.006000     0.040938
1.000000     0.006000     0.000000

0.000000     0.006500     0.000000
0.025000     0.006500     0.024996
0.050000     0.006500     0.049989
0.075000     0.006500     0.074978
0.100000     0.006500     0.099958
0.125000     0.006500     0.124920
0.150000     0.006500     0.149852
0.175000     0.006500     0.174732
0.200000     0.006500     0.199521
0.225000     0.006500     0.224160
0.250000     0.006500     0.248554
0.275000     0.006500     0.272561
0.300000     0.006500     0.295975
0.325000     0.006500     0.318508
0.350000     0.006500     0.339775
0.375000     0.006500     0.359296
0.400000     0.006500     0.376504
0.425000     0.006500     0.390780
0.450000     0.006500     0.401519
0.475000     0.006500     0.408199
0.500000     0.006500     0.410468
0.525000     0.006500     0.408200
0.550000     0.006500     0.401523
0.575000     0.006500     0.390788
0.600000     0.006500     0.376519
0.625000     0.006500     0.359325
0.650000     0.006500     0.339828
0.675000     0.006500     0.318602
0.700000     0.006500     0.296141
0.725000     0.006500     0.272847
0.750000     0.006500     0.249037
0.775000     0.006500     0.224959
0.800000     0.006500     0.200810
0.825000     0.006500     0.176759
0.850000     0.006500     0.152952
0.875000     0.006500     0.129526
0.900000     0.006500     0.106593
0.925000     0.006500     0.084236
0.950000     0.006500     0.062481
0.975000     0.006500     0.041285
1.000000     0.006500     0.000000

0.000000     0.007000     0.000000
0.025000     0.007000     0.024993
0.050000     0.007000     0.049984
0.075000     0.007000     0.074968
0.100000     0.007000     0.099940
0.125000     0.007000     0.124889
0.150000     0.007000     0.149799
0.175000     0.007000     0.174644
0.200000     0.007000     0.199378
0.225000     0.007000     0.223933
0.250000     0.007000     0.248204
0.275000     0.007000     0.272037
0.300000     0.007000     0.295214
0.325000     0.007000     0.317441
0.350000     0.007000     0.338333
0.375000     0.007000     0.357423
0.400000     0.007000     0.374172
0.425000     0.007000     0.388005
0.450000     0.007000     0.398370
0.475000     0.007000     0.404800
0.500000     0.007000     0.406980
0.525000     0.007000     0.404802
0.550000     0.007000     0.398376
0.575000     0.007000     0.388017
0.600000     0.007000     0.374193
0.625000     0.007000     0.357462
0.650000     0.007000     0.338403
0.675000     0.007000     0.317563
0.700000     0.007000     0.295425
0.725000     0.007000     0.272392
0.750000     0.007000     0.248791
0.775000     0.007000     0.224880
0.800000     0.007000     0.200872
0.825000     0.007000     0.176942
0.850000     0.007000     0.153240
0.875000     0.007000     0.129898
0.900000     0.007000     0.107020
0.925000     0.007000     0.084677
0.950000     0.007000     0.062884
0.975000     0.007000     0.041595
1.000000     0.007000     0.000000

0.000000     0.007500     0.000000
0.025000     0.007500     0.024990
0.050000     0.007500     0.049977
0.075000     0.007500     0.074955
0.100000     0.007500     0.099917
0.125000     0.007500     0.124850
0.150000     0.007500     0.149735
0.175000     0.007500     0.174538
0.200000     0.007500     0.199211
0.225000     0.007500     0.223674
0.250000     0.007500     0.247813
0.275000     0.007500     0.271465
0.300000     0.007500     0.294403
0.325000     0.007500     0.316326
0.350000     0.007500     0.336855
0.375000     0.007500     0.355536
0.400000     0.007500     0.371857
0.425000     0.007500     0.385285
0.450000     0.007500     0.395312
0.475000     0.007500     0.401517
0.500000     0.007500     0.403620
0.525000     0.007500     0.401521
0.550000     0.007500     0.395321
0.575000     0.007500     0.385301
0.600000     0.007500     0.371886
0.625000     0.007500     0.355588
0.650000     0.007500     0.336946
0.675000     0.007500     0.316481
0.700000     0.007500     0.294665
0.725000     0.007500     0.271898
0.750000     0.007500     0.248512
0.775000     0.007500     0.224778
0.800000     0.007500     0.200916
0.825000     0.007500     0.177108
0.850000     0.007500     0.153509
0.875000     0.007500     0.130245
0.900000     0.007500     0.107415
0.925000     0.007500     0.085080
0.950000     0.007500     0.063248
0.975000     0.007500     0.041872
1.000000     0.007500     0.000000

0.000000     0.008000     0.000000
0.025000     0.008000     0.024986
0.050000     0.008000     0.049968
0.075000     0.008000     0.074939
0.100000     0.008000     0.099888
0.125000     0.008000     0.124803
0.150000     0.008000     0.149657
0.175000     0.008000     0.174415
0.200000     0.008000     0.199019
0.225000     0.008000     0.223383
0.250000     0.008000     0.247384
0.275000     0.008000     0.270850
0.300000     0.008000     0.293545
0.325000     0.008000     0.315169
0.350000     0.008000     0.335347
0.375000     0.008000     0.353640
0.400000     0.008000     0.369563
0.425000     0.008000     0.382617
0.450000     0.008000     0.392338
0.475000     0.008000     0.398341
0.500000     0.008000     0.400373
0.525000     0.008000     0.398346
0.550000     0.008000     0.392349
0.575000     0.008000     0.382639
0.600000     0.008000     0.369601
0.625000     0.008000     0.353707
0.650000     0.008000     0.335462
0.675000     0.008000     0.315363
0.700000     0.008000     0.293864
0.725000     0.008000     0.271366
0.750000     0.008000     0.248202
0.775000     0.008000     0.224650
0.800000     0.008000     0.200939
0.825000     0.008000     0.177255
0.850000     0.008000     0.153756
0.875000     0.008000     0.130567
0.900000     0.008000     0.107780
0.925000     0.008000     0.085449
0.950000     0.008000     0.063579
0.975000     0.008000     0.042122
1.000000     0.008000     0.000000

0.000000     0.008500     0.000000
0.025000     0.008500     0.024982
0.050000     0.008500     0.049957
0.075000     0.008500     0.074918
0.100000     0.008500     0.099854
0.125000     0.008500     0.124746
0.150000     0.008500     0.149566
0.175000     0.008500     0.174273
0.200000     0.008500     0.198803
0.225000     0.008500     0.223062
0.250000     0.008500     0.246918
0.275000     0.008500     0.270193
0.300000     0.008500     0.292646
0.325000     0.008500     0.313976
0.350000     0.008500     0.333815
0.375000     0.008500     0.351740
0.400000     0.008500     0.367291
0.425000     0.008500     0.380001
0.450000     0.008500     0.389441
0.475000     0.008500     0.395260
0.500000     0.008500     0.397228
0.525000     0.008500     0.395267
0.550000     0.008500     0.389456
0.575000     0.008500     0.380029
0.600000     0.008500     0.367340
0.625000     0.008500     0.351825
0.650000     0.008500     0.333959
0.675000     0.008500     0.314212
0.700000     0.008500     0.293028
0.725000     0.008500     0.270799
0.750000     0.008500     0.247860
0.775000     0.008500     0.224496
0.800000     0.008500     0.200939
0.825000     0.008500     0.177381
0.850000     0.008500     0.153982
0.875000     0.008500     0.130863
0.900000     0.008500     0.108115
0.925000     0.008500     0.085786
0.950000     0.008500     0.063879
0.975000     0.008500     0.042347
1.000000     0.008500     0.000000

0.000000     0.009000     0.000000
0.025000     0.009000     0.024975
0.050000     0.009000     0.049943
0.075000     0.009000     0.074893
0.100000     0.009000     0.099812
0.125000     0.009000     0.124678
0.150000     0.009000     0.149461
0.175000     0.009000     0.174112
0.200000     0.009000     0.198561
0.225000     0.009000     0.222709
0.250000     0.009000     0.246417
0.275000     0.009000     0.269498
0.300000     0.009000     0.291710
0.325000     0.009000     0.312753
0.350000     0.009000     0.332266
0.375000     0.009000     0.349841
0.400000     0.009000     0.365043
0.425000     0.009000     0.377434
0.450000     0.009000     0.386616
0.475000     0.009000     0.392268
0.500000     0.009000     0.394178
0.525000     0.009000     0.392276
0.550000     0.009000     0.386636
0.575000     0.009000     0.377470
0.600000     0.009000     0.365105
0.625000     0.009000     0.349947
0.650000     0.009000     0.332440
0.675000     0.009000     0.313035
0.700000     0.009000     0.292160
0.725000     0.009000     0.270199
0.750000     0.009000     0.247489
0.775000     0.009000     0.224315
0.800000     0.009000     0.200915
0.825000     0.009000     0.177484
0.850000     0.009000     0.154183
0.875000     0.009000     0.131134
0.900000     0.009000     0.108422
0.925000     0.009000     0.086095
0.950000     0.009000     0.064152
0.975000     0.009000     0.042552
1.000000     0.009000     0.000000

0.000000     0.009500     0.000000
0.025000     0.009500     0.024968
0.050000     0.009500     0.049926
0.075000     0.009500     0.074863
0.100000     0.009500     0.099762
0.125000     0.009500     0.124600
0.150000     0.009500     0.149341
0.175000     0.009500     0.173931
0.200000     0.009500     0.198296
0.225000     0.009500     0.222327
0.250000     0.009500     0.245882
0.275000     0.009500     0.268768
0.300000     0.009500     0.290741
0.325000     0.009500     0.311503
0.350000     0.009500     0.330701
0.375000     0.009500     0.347945
0.400000     0.009500     0.362819
0.425000     0.009500     0.374914
0.450000     0.009500     0.383859
0.475000     0.009500     0.389356
0.500000     0.009500     0.391214
0.525000     0.009500     0.389367
0.550000     0.009500     0.383883
0.575000     0.009500     0.374959
0.600000     0.009500     0.362897
0.625000     0.009500     0.348074
0.650000     0.009500     0.330911
0.675000     0.009500     0.311837
0.700000     0.009500     0.291263
0.725000     0.009500     0.269570
0.750000     0.009500     0.247089
0.775000     0.009500     0.224107
0.800000     0.009500     0.200866
0.825000     0.009500     0.177564
0.850000     0.009500     0.154360
0.875000     0.009500     0.131378
0.900000     0.009500     0.108702
0.925000     0.009500     0.086376
0.950000     0.009500     0.064401
0.975000     0.009500     0.042738
1.000000     0.009500     0.000000

0.000000     0.010000     0.000000
0.025000     0.010000     0.024959
0.050000     0.010000     0.049906
0.075000     0.010000     0.074828
0.100000     0.010000     0.099705
0.125000     0.010000     0.124511
0.150000     0.010000     0.149205
0.175000     0.010000     0.173731
0.200000     0.010000     0.198005
0.225000     0.010000     0.221917
0.250000     0.010000     0.245315
0.275000     0.010000     0.268005
0.300000     0.010000     0.289742
0.325000     0.010000     0.310230
0.350000     0.010000     0.329127
0.375000     0.010000     0.346055
0.400000     0.010000     0.360621
0.425000     0.010000     0.372439
0.450000     0.010000     0.381164
0.475000     0.010000     0.386519
0.500000     0.010000     0.388329
0.525000     0.010000     0.386533
0.550000     0.010000     0.381195
0.575000     0.010000     0.372495
0.600000     0.010000     0.360716
0.625000     0.010000     0.346210
0.650000     0.010000     0.329375
0.675000     0.010000     0.310619
0.700000     0.010000     0.290342
0.725000     0.010000     0.268912
0.750000     0.010000     0.246660
0.775000     0.010000     0.223873
0.800000     0.010000     0.200792
0.825000     0.010000     0.177618
0.850000     0.010000     0.154513
0.875000     0.010000     0.131597
0.900000     0.010000     0.108956
0.925000     0.010000     0.086632
0.950000     0.010000     0.064628
0.975000     0.010000     0.042907
1.000000     0.010000     0.000000

0.000000     0.010500     0.000000
0.025000     0.010500     0.024948
0.050000     0.010500     0.049882
0.075000     0.010500     0.074786
0.100000     0.010500     0.099639
0.125000     0.010500     0.124410
0.150000     0.010500     0.149055
0.175000     0.010500     0.173510
0.200000     0.010500     0.197691
0.225000     0.010500     0.221479
0.250000     0.010500     0.244719
0.275000     0.010500     0.267213
0.300000     0.010500     0.288716
0.325000     0.010500     0.308938
0.350000     0.010500     0.327544
0.375000     0.010500     0.344173
0.400000     0.010500     0.358448
0.425000     0.010500     0.370007
0.450000     0.010500     0.378527
0.475000     0.010500     0.383752
0.500000     0.010500     0.385518
0.525000     0.010500     0.383769
0.550000     0.010500     0.378566
0.575000     0.010500     0.370076
0.600000     0.010500     0.358563
0.625000     0.010500     0.344357
0.650000     0.010500     0.327834
0.675000     0.010500     0.309386
0.700000     0.010500     0.289397
0.725000     0.010500     0.268228
0.750000     0.010500     0.246205
0.775000     0.010500     0.223611
0.800000     0.010500     0.200692
0.825000     0.010500     0.177647
0.850000     0.010500     0.154640
0.875000     0.010500     0.131791
0.900000     0.010500     0.109185
0.925000     0.010500     0.086864
0.950000     0.010500     0.064834
0.975000     0.010500     0.043060
1.000000     0.010500     0.000000

0.000000     0.011000     0.000000
0.025000     0.011000     0.024935
0.050000     0.011000     0.049854
0.075000     0.011000     0.074739
0.100000     0.011000     0.099565
0.125000     0.011000     0.124297
0.150000     0.011000     0.148888
0.175000     0.011000     0.173271
0.200000     0.011000     0.197353
0.225000     0.011000     0.221014
0.250000     0.011000     0.244094
0.275000     0.011000     0.266393
0.300000     0.011000     0.287667
0.325000     0.011000     0.307630
0.350000     0.011000     0.325957
0.375000     0.011000     0.342299
0.400000     0.011000     0.356301
0.425000     0.011000     0.367617
0.450000     0.011000     0.375947
0.475000     0.011000     0.381050
0.500000     0.011000     0.382775
0.525000     0.011000     0.381071
0.550000     0.011000     0.375993
0.575000     0.011000     0.367700
0.600000     0.011000     0.356436
0.625000     0.011000     0.342515
0.650000     0.011000     0.326292
0.675000     0.011000     0.308141
0.700000     0.011000     0.288433
0.725000     0.011000     0.267521
0.750000     0.011000     0.245723
0.775000     0.011000     0.223324
0.800000     0.011000     0.200566
0.825000     0.011000     0.177652
0.850000     0.011000     0.154742
0.875000     0.011000     0.131960
0.900000     0.011000     0.109389
0.925000     0.011000     0.087074
0.950000     0.011000     0.065020
0.975000     0.011000     0.043200
1.000000     0.011000     0.000000

0.000000     0.011500     0.000000
0.025000     0.011500     0.024920
0.050000     0.011500     0.049823
0.075000     0.011500     0.074685
0.100000     0.011500     0.099481
0.125000     0.011500     0.124172
0.150000     0.011500     0.148705
0.175000     0.011500     0.173011
0.200000     0.011500     0.196993
0.225000     0.011500     0.220524
0.250000     0.011500     0.243443
0.275000     0.011500     0.265548
0.300000     0.011500     0.286597
0.325000     0.011500     0.306308
0.350000     0.011500     0.324366
0.375000     0.011500     0.340437
0.400000     0.011500     0.354178
0.425000     0.011500     0.365267
0.450000     0.011500     0.373418
0.475000     0.011500     0.378408
0.500000     0.011500     0.380095
0.525000     0.011500     0.378433
0.550000     0.011500     0.373474
0.575000     0.011500     0.365365
0.600000     0.011500     0.354338
0.625000     0.011500     0.340687
0.650000     0.011500     0.324750
0.675000     0.011500     0.306886
0.700000     0.011500     0.287452
0.725000     0.011500     0.266791
0.750000     0.011500     0.245217
0.775000     0.011500     0.223012
0.800000     0.011500     0.200415
0.825000     0.011500     0.177630
0.850000     0.011500     0.154819
0.875000     0.011500     0.132104
0.900000     0.011500     0.109570
0.925000     0.011500     0.087262
0.950000     0.011500     0.065188
0.975000     0.011500     0.043326
1.000000     0.011500     0.000000

0.000000     0.012000     0.000000
0.025000     0.012000     0.024904
0.050000     0.012000     0.049787
0.075000     0.012000     0.074625
0.100000     0.012000     0.099388
0.125000     0.012000     0.124034
0.150000     0.012000     0.148507
0.175000     0.012000     0.172733
0.200000     0.012000     0.196610
0.225000     0.012000     0.220010
0.250000     0.012000     0.242767
0.275000     0.012000     0.264680
0.300000     0.012000     0.285508
0.325000     0.012000     0.304974
0.350000     0.012000     0.322774
0.375000     0.012000     0.338585
0.400000     0.012000     0.352081
0.425000     0.012000     0.362955
0.450000     0.012000     0.370938
0.475000     0.012000     0.375822
0.500000     0.012000     0.377475
0.525000     0.012000     0.375852
0.550000     0.012000     0.371004
0.575000     0.012000     0.363070
0.600000     0.012000     0.352266
0.625000     0.012000     0.338872
0.650000     0.012000     0.323210
0.675000     0.012000     0.305622
0.700000     0.012000     0.286454
0.725000     0.012000     0.266040
0.750000     0.012000     0.244688
0.775000     0.012000     0.222675
0.800000     0.012000     0.200239
0.825000     0.012000     0.177584
0.850000     0.012000     0.154872
0.875000     0.012000     0.132225
0.900000     0.012000     0.109728
0.925000     0.012000     0.087429
0.950000     0.012000     0.065340
0.975000     0.012000     0.043440
1.000000     0.012000     0.000000

0.000000     0.012500     0.000000
0.025000     0.012500     0.024885
0.050000     0.012500     0.049747
0.075000     0.012500     0.074558
0.100000     0.012500     0.099285
0.125000     0.012500     0.123883
0.150000     0.012500     0.148293
0.175000     0.012500     0.172436
0.200000     0.012500     0.196207
0.225000     0.012500     0.219473
0.250000     0.012500     0.242069
0.275000     0.012500     0.263791
0.300000     0.012500     0.284402
0.325000     0.012500     0.303632
0.350000     0.012500     0.321183
0.375000     0.012500     0.336745
0.400000     0.012500     0.350008
0.425000     0.012500     0.360679
0.450000     0.012500     0.368505
0.475000     0.012500     0.373290
0.500000     0.012500     0.374911
0.525000     0.012500     0.373326
0.550000     0.012500     0.368583
0.575000     0.012500     0.360812
0.600000     0.012500     0.350220
0.625000     0.012500     0.337072
0.650000     0.012500     0.321672
0.675000     0.012500     0.304352
0.700000     0.012500     0.285443
0.725000     0.012500     0.265271
0.750000     0.012500     0.244137
0.775000     0.012500     0.222313
0.800000     0.012500     0.200039
0.825000     0.012500     0.177514
0.850000     0.012500     0.154900
0.875000     0.012500     0.132322
0.900000     0.012500     0.109864
0.925000     0.012500     0.087577
0.950000     0.012500     0.065475
0.975000     0.012500     0.043542
1.000000     0.012500     0.000000

0.000000     0.013000     0.000000
0.025000     0.013000     0.024864
0.050000     0.013000     0.049702
0.075000     0.013000     0.074483
0.100000     0.013000     0.099172
0.125000     0.013000     0.123720
0.150000     0.013000     0.148063
0.175000     0.013000     0.172120
0.200000     0.013000     0.195783
0.225000     0.013000     0.218915
0.250000     0.013000     0.241349
0.275000     0.013000     0.262883
0.300000     0.013000     0.283282
0.325000     0.013000     0.302282
0.350000     0.013000     0.319593
0.375000     0.013000     0.334918
0.400000     0.013000     0.347959
0.425000     0.013000     0.358438
0.450000     0.013000     0.366116
0.475000     0.013000     0.370809
0.500000     0.013000     0.372399
0.525000     0.013000     0.370850
0.550000     0.013000     0.366206
0.575000     0.013000     0.358591
0.600000     0.013000     0.348201
0.625000     0.013000     0.335286
0.650000     0.013000     0.320139
0.675000     0.013000     0.303077
0.700000     0.013000     0.284420
0.725000     0.013000     0.264484
0.750000     0.013000     0.243564
0.775000     0.013000     0.221929
0.800000     0.013000     0.199814
0.825000     0.013000     0.177419
0.850000     0.013000     0.154904
0.875000     0.013000     0.132395
0.900000     0.013000     0.109979
0.925000     0.013000     0.087706
0.950000     0.013000     0.065595
0.975000     0.013000     0.043633
1.000000     0.013000     0.000000

0.000000     0.013500     0.000000
0.025000     0.013500     0.024841
0.050000     0.013500     0.049652
0.075000     0.013500     0.074402
0.100000     0.013500     0.099049
0.125000     0.013500     0.123544
0.150000     0.013500     0.147819
0.175000     0.013500     0.171787
0.200000     0.013500     0.195339
0.225000     0.013500     0.218336
0.250000     0.013500     0.240609
0.275000     0.013500     0.261958
0.300000     0.013500     0.282150
0.325000     0.013500     0.300926
0.350000     0.013500     0.318007
0.375000     0.013500     0.333104
0.400000     0.013500     0.345933
0.425000     0.013500     0.356231
0.450000     0.013500     0.363770
0.475000     0.013500     0.368375
0.500000     0.013500     0.369937
0.525000     0.013500     0.368422
0.550000     0.013500     0.363873
0.575000     0.013500     0.356406
0.600000     0.013500     0.346207
0.625000     0.013500     0.333516
0.650000     0.013500     0.318612
0.675000     0.013500     0.301798
0.700000     0.013500     0.283386
0.725000     0.013500     0.263681
0.750000     0.013500     0.242972
0.775000     0.013500     0.221523
0.800000     0.013500     0.199567
0.825000     0.013500     0.177300
0.850000     0.013500     0.154885
0.875000     0.013500     0.132447
0.900000     0.013500     0.110073
0.925000     0.013500     0.087817
0.950000     0.013500     0.065700
0.975000     0.013500     0.043714
1.000000     0.013500     0.000000

0.000000     0.014000     0.000000
0.025000     0.014000     0.024815
0.050000     0.014000     0.049598
0.075000     0.014000     0.074313
0.100000     0.014000     0.098917
0.125000     0.014000     0.123355
0.150000     0.014000     0.147558
0.175000     0.014000     0.171436
0.200000     0.014000     0.194876
0.225000     0.014000     0.217737
0.250000     0.014000     0.239851
0.275000     0.014000     0.261017
0.300000     0.014000     0.281006
0.325000     0.014000     0.299565
0.350000     0.014000     0.316423
0.375000     0.014000     0.331303
0.400000     0.014000     0.343931
0.425000     0.014000     0.354056
0.450000     0.014000     0.361463
0.475000     0.014000     0.365986
0.500000     0.014000     0.367522
0.525000     0.014000     0.366040
0.550000     0.014000     0.361580
0.575000     0.014000     0.354254
0.600000     0.014000     0.344238
0.625000     0.014000     0.331761
0.650000     0.014000     0.317090
0.675000     0.014000     0.300517
0.700000     0.014000     0.282342
0.725000     0.014000     0.262863
0.750000     0.014000     0.242361
0.775000     0.014000     0.221096
0.800000     0.014000     0.199296
0.825000     0.014000     0.177158
0.850000     0.014000     0.154844
0.875000     0.014000     0.132477
0.900000     0.014000     0.110148
0.925000     0.014000     0.087911
0.950000     0.014000     0.065791
0.975000     0.014000     0.043785
1.000000     0.014000     0.000000

0.000000     0.014500     0.000000
0.025000     0.014500     0.024787
0.050000     0.014500     0.049539
0.075000     0.014500     0.074217
0.100000     0.014500     0.098775
0.125000     0.014500     0.123155
0.150000     0.014500     0.147284
0.175000     0.014500     0.171069
0.200000     0.014500     0.194395
0.225000     0.014500     0.217121
0.250000     0.014500     0.239076
0.275000     0.014500     0.260061
0.300000     0.014500     0.279852
0.325000     0.014500     0.298201
0.350000     0.014500     0.314845
0.375000     0.014500     0.329515
0.400000     0.014500     0.341951
0.425000     0.014500     0.351912
0.450000     0.014500     0.359194
0.475000     0.014500     0.363639
0.500000     0.014500     0.365152
0.525000     0.014500     0.363701
0.550000     0.014500     0.359326
0.575000     0.014500     0.352134
0.600000     0.014500     0.342293
0.625000     0.014500     0.330021
0.650000     0.014500     0.315575
0.675000     0.014500     0.299234
0.700000     0.014500     0.281290
0.725000     0.014500     0.262031
0.750000     0.014500     0.241733
0.775000     0.014500     0.220648
0.800000     0.014500     0.199004
0.825000     0.014500     0.176994
0.850000     0.014500     0.154780
0.875000     0.014500     0.132486
0.900000     0.014500     0.110202
0.925000     0.014500     0.087988
0.950000     0.014500     0.065869
0.975000     0.014500     0.043847
1.000000     0.014500     0.000000

0.000000     0.015000     0.000000
0.025000     0.015000     0.024756
0.050000     0.015000     0.049475
0.075000     0.015000     0.074113
0.100000     0.015000     0.098623
0.125000     0.015000     0.122942
0.150000     0.015000     0.146994
0.175000     0.015000     0.170686
0.200000     0.015000     0.193898
0.225000     0.015000     0.216487
0.250000     0.015000     0.238284
0.275000     0.015000     0.259092
0.300000     0.015000     0.278690
0.325000     0.015000     0.296835
0.350000     0.015000     0.313271
0.375000     0.015000     0.327741
0.400000     0.015000     0.339993
0.425000     0.015000     0.349798
0.450000     0.015000     0.356961
0.475000     0.015000     0.361333
0.500000     0.015000     0.362823
0.525000     0.015000     0.361403
0.550000     0.015000     0.357110
0.575000     0.015000     0.350046
0.600000     0.015000     0.340372
0.625000     0.015000     0.328297
0.650000     0.015000     0.314066
0.675000     0.015000     0.297951
0.700000     0.015000     0.280231
0.725000     0.015000     0.261187
0.750000     0.015000     0.241087
0.775000     0.015000     0.220181
0.800000     0.015000     0.198691
0.825000     0.015000     0.176809
0.850000     0.015000     0.154695
0.875000     0.015000     0.132474
0.900000     0.015000     0.110238
0.925000     0.015000     0.088048
0.950000     0.015000     0.065933
0.975000     0.015000     0.043900
1.000000     0.015000     0.000000

0.000000     0.015500     0.000000
0.025000     0.015500     0.024724
0.050000     0.015500     0.049406
0.075000     0.015500     0.074003
0.100000     0.015500     0.098461
0.125000     0.015500     0.122717
0.150000     0.015500     0.146691
0.175000     0.015500     0.170287
0.200000     0.015500     0.193383
0.225000     0.015500     0.215837
0.250000     0.015500     0.237478
0.275000     0.015500     0.258112
0.300000     0.015500     0.277520
0.325000     0.015500     0.295467
0.350000     0.015500     0.311704
0.375000     0.015500     0.325981
0.400000     0.015500     0.338057
0.425000     0.015500     0.347713
0.450000     0.015500     0.354763
0.475000     0.015500     0.359066
0.500000     0.015500     0.360535
0.525000     0.015500     0.359144
0.550000     0.015500     0.354929
0.575000     0.015500     0.347988
0.600000     0.015500     0.338474
0.625000     0.015500     0.326588
0.650000     0.015500     0.312566
0.675000     0.015500     0.296667
0.700000     0.015500     0.279165
0.725000     0.015500     0.260331
0.750000     0.015500     0.240426
0.775000     0.015500     0.219695
0.800000     0.015500     0.198357
0.825000     0.015500     0.176602
0.850000     0.015500     0.154588
0.875000     0.015500     0.132442
0.900000     0.015500     0.110256
0.925000     0.015500     0.088093
0.950000     0.015500     0.065986
0.975000     0.015500     0.043944
1.000000     0.015500     0.000000

0.000000     0.016000     0.000000
0.025000     0.016000     0.024688
0.050000     0.016000     0.049332
0.075000     0.016000     0.073885
0.100000     0.016000     0.098289
0.125000     0.016000     0.122480
0.150000     0.016000     0.146374
0.175000     0.016000     0.169873
0.200000     0.016000     0.192853
0.225000     0.016000     0.215172
0.250000     0.016000     0.236659
0.275000     0.016000     0.257121
0.300000     0.016000     0.276345
0.325000     0.016000     0.294099
0.350000     0.016000     0.310142
0.375000     0.016000     0.324234
0.400000     0.016000     0.336142
0.425000     0.016000     0.345656
0.450000     0.016000     0.352599
0.475000     0.016000     0.356836
0.500000     0.016000     0.358285
0.525000     0.016000     0.356922
0.550000     0.016000     0.352782
0.575000     0.016000     0.345959
0.600000     0.016000     0.336599
0.625000     0.016000     0.324894
0.650000     0.016000     0.311073
0.675000     0.016000     0.295385
0.700000     0.016000     0.278094
0.725000     0.016000     0.259464
0.750000     0.016000     0.239750
0.775000     0.016000     0.219192
0.800000     0.016000     0.198004
0.825000     0.016000     0.176375
0.850000     0.016000     0.154462
0.875000     0.016000     0.132391
0.900000     0.016000     0.110257
0.925000     0.016000     0.088123
0.950000     0.016000     0.066026
0.975000     0.016000     0.043979
1.000000     0.016000     0.000000

0.000000     0.016500     0.000000
0.025000     0.016500     0.024651
0.050000     0.016500     0.049254
0.075000     0.016500     0.073760
0.100000     0.016500     0.098109
0.125000     0.016500     0.122232
0.150000     0.016500     0.146044
0.175000     0.016500     0.169444
0.200000     0.016500     0.192309
0.225000     0.016500     0.214492
0.250000     0.016500     0.235826
0.275000     0.016500     0.256120
0.300000     0.016500     0.275164
0.325000     0.016500     0.292730
0.350000     0.016500     0.308587
0.375000     0.016500     0.322501
0.400000     0.016500     0.334247
0.425000     0.016500     0.343626
0.450000     0.016500     0.350466
0.475000     0.016500     0.354641
0.500000     0.016500     0.356072
0.525000     0.016500     0.354736
0.550000     0.016500     0.350668
0.575000     0.016500     0.343957
0.600000     0.016500     0.334745
0.625000     0.016500     0.323216
0.650000     0.016500     0.309588
0.675000     0.016500     0.294104
0.700000     0.016500     0.277018
0.725000     0.016500     0.258587
0.750000     0.016500     0.239060
0.775000     0.016500     0.218671
0.800000     0.016500     0.197632
0.825000     0.016500     0.176128
0.850000     0.016500     0.154316
0.875000     0.016500     0.132322
0.900000     0.016500     0.110240
0.925000     0.016500     0.088138
0.950000     0.016500     0.066054
0.975000     0.016500     0.044007
1.000000     0.016500     0.000000

0.000000     0.017000     0.000000
0.025000     0.017000     0.024611
0.050000     0.017000     0.049171
0.075000     0.017000     0.073627
0.100000     0.017000     0.097918
0.125000     0.017000     0.121972
0.150000     0.017000     0.145701
0.175000     0.017000     0.169002
0.200000     0.017000     0.191750
0.225000     0.017000     0.213799
0.250000     0.017000     0.234983
0.275000     0.017000     0.255111
0.300000     0.017000     0.273978
0.325000     0.017000     0.291363
0.350000     0.017000     0.307039
0.375000     0.017000     0.320781
0.400000     0.017000     0.332373
0.425000     0.017000     0.341621
0.450000     0.017000     0.348364
0.475000     0.017000     0.352480
0.500000     0.017000     0.353894
0.525000     0.017000     0.352584
0.550000     0.017000     0.348585
0.575000     0.017000     0.341983
0.600000     0.017000     0.332913
0.625000     0.017000     0.321552
0.650000     0.017000     0.308111
0.675000     0.017000     0.292824
0.700000     0.017000     0.275938
0.725000     0.017000     0.257701
0.750000     0.017000     0.238358
0.775000     0.017000     0.218135
0.800000     0.017000     0.197243
0.825000     0.017000     0.175863
0.850000     0.017000     0.154151
0.875000     0.017000     0.132234
0.900000     0.017000     0.110207
0.925000     0.017000     0.088139
0.950000     0.017000     0.066072
0.975000     0.017000     0.044026
1.000000     0.017000     0.000000

0.000000     0.017500     0.000000
0.025000     0.017500     0.024568
0.050000     0.017500     0.049083
0.075000     0.017500     0.073488
0.100000     0.017500     0.097719
0.125000     0.017500     0.121702
0.150000     0.017500     0.145346
0.175000     0.017500     0.168547
0.200000     0.017500     0.191178
0.225000     0.017500     0.213094
0.250000     0.017500     0.234128
0.275000     0.017500     0.254094
0.300000     0.017500     0.272789
0.325000     0.017500     0.289998
0.350000     0.017500     0.305499
0.375000     0.017500     0.319075
0.400000     0.017500     0.330518
0.425000     0.017500     0.339642
0.450000     0.017500     0.346292
0.475000     0.017500     0.350351
0.500000     0.017500     0.351749
0.525000     0.017500     0.350465
0.550000     0.017500     0.346533
0.575000     0.017500     0.340035
0.600000     0.017500     0.331101
0.625000     0.017500     0.319902
0.650000     0.017500     0.306642
0.675000     0.017500     0.291547
0.700000     0.017500     0.274854
0.725000     0.017500     0.256807
0.750000     0.017500     0.237642
0.775000     0.017500     0.217584
0.800000     0.017500     0.196836
0.825000     0.017500     0.175579
0.850000     0.017500     0.153969
0.875000     0.017500     0.132129
0.900000     0.017500     0.110158
0.925000     0.017500     0.088126
0.950000     0.017500     0.066078
0.975000     0.017500     0.044038
1.000000     0.017500     0.000000

0.000000     0.018000     0.000000
0.025000     0.018000     0.024523
0.050000     0.018000     0.048991
0.075000     0.018000     0.073342
0.100000     0.018000     0.097511
0.125000     0.018000     0.121421
0.150000     0.018000     0.144979
0.175000     0.018000     0.168079
0.200000     0.018000     0.190593
0.225000     0.018000     0.212377
0.250000     0.018000     0.233264
0.275000     0.018000     0.253070
0.300000     0.018000     0.271597
0.325000     0.018000     0.288634
0.350000     0.018000     0.303966
0.375000     0.018000     0.317382
0.400000     0.018000     0.328682
0.425000     0.018000     0.337687
0.450000     0.018000     0.344247
0.475000     0.018000     0.348253
0.500000     0.018000     0.349636
0.525000     0.018000     0.348377
0.550000     0.018000     0.344509
0.575000     0.018000     0.338111
0.600000     0.018000     0.329309
0.625000     0.018000     0.318267
0.650000     0.018000     0.305182
0.675000     0.018000     0.290272
0.700000     0.018000     0.273768
0.725000     0.018000     0.255905
0.750000     0.018000     0.236916
0.775000     0.018000     0.217018
0.800000     0.018000     0.196413
0.825000     0.018000     0.175278
0.850000     0.018000     0.153768
0.875000     0.018000     0.132007
0.900000     0.018000     0.110094
0.925000     0.018000     0.088100
0.950000     0.018000     0.066074
0.975000     0.018000     0.044043
1.000000     0.018000     0.000000

0.000000     0.018500     0.000000
0.025000     0.018500     0.024476
0.050000     0.018500     0.048894
0.075000     0.018500     0.073190
0.100000     0.018500     0.097295
0.125000     0.018500     0.121130
0.150000     0.018500     0.144601
0.175000     0.018500     0.167599
0.200000     0.018500     0.189996
0.225000     0.018500     0.211648
0.250000     0.018500     0.232390
0.275000     0.018500     0.252040
0.300000     0.018500     0.270403
0.325000     0.018500     0.287273
0.350000     0.018500     0.302441
0.375000     0.018500     0.315702
0.400000     0.018500     0.326864
0.425000     0.018500     0.335755
0.450000     0.018500     0.342230
0.475000     0.018500     0.346184
0.500000     0.018500     0.347553
0.525000     0.018500     0.346319
0.550000     0.018500     0.342513
0.575000     0.018500     0.336212
0.600000     0.018500     0.327537
0.625000     0.018500     0.316647
0.650000     0.018500     0.303730
0.675000     0.018500     0.289000
0.700000     0.018500     0.272679
0.725000     0.018500     0.254996
0.750000     0.018500     0.236178
0.775000     0.018500     0.216438
0.800000     0.018500     0.195974
0.825000     0.018500     0.174961
0.850000     0.018500     0.153551
0.875000     0.018500     0.131869
0.900000     0.018500     0.110015
0.925000     0.018500     0.088062
0.950000     0.018500     0.066060
0.975000     0.018500     0.044041
1.000000     0.018500     0.000000

0.000000     0.019000     0.000000
0.025000     0.019000     0.024427
0.050000     0.019000     0.048792
0.075000     0.019000     0.073031
0.100000     0.019000     0.097070
0.125000     0.019000     0.120829
0.150000     0.019000     0.144211
0.175000     0.019000     0.167107
0.200000     0.019000     0.189388
0.225000     0.019000     0.210910
0.250000     0.019000     0.231509
0.275000     0.019000     0.251005
0.300000     0.019000     0.269207
0.325000     0.019000     0.285914
0.350000     0.019000     0.300923
0.375000     0.019000     0.314036
0.400000     0.019000     0.325065
0.425000     0.019000     0.333846
0.450000     0.019000     0.340239
0.475000     0.019000     0.344145
0.500000     0.019000     0.345501
0.525000     0.019000     0.344290
0.550000     0.019000     0.340544
0.575000     0.019000     0.334336
0.600000     0.019000     0.325784
0.625000     0.019000     0.315040
0.650000     0.019000     0.302287
0.675000     0.019000     0.287731
0.700000     0.019000     0.271588
0.725000     0.019000     0.254081
0.750000     0.019000     0.235431
0.775000     0.019000     0.215846
0.800000     0.019000     0.195520
0.825000     0.019000     0.174627
0.850000     0.019000     0.153317
0.875000     0.019000     0.131715
0.900000     0.019000     0.109921
0.925000     0.019000     0.088011
0.950000     0.019000     0.066037
0.975000     0.019000     0.044033
1.000000     0.019000     0.000000

0.000000     0.019500     0.000000
0.025000     0.019500     0.024375
0.050000     0.019500     0.048686
0.075000     0.019500     0.072865
0.100000     0.019500     0.096837
0.125000     0.019500     0.120518
0.150000     0.019500     0.143811
0.175000     0.019500     0.166605
0.200000     0.019500     0.188770
0.225000     0.019500     0.210162
0.250000     0.019500     0.230619
0.275000     0.019500     0.249965
0.300000     0.019500     0.268010
0.325000     0.019500     0.284559
0.350000     0.019500     0.299414
0.375000     0.019500     0.312382
0.400000     0.019500     0.323284
0.425000     0.019500     0.331958
0.450000     0.019500     0.338274
0.475000     0.019500     0.342133
0.500000     0.019500     0.343476
0.525000     0.019500     0.342289
0.550000     0.019500     0.338601
0.575000     0.019500     0.332483
0.600000     0.019500     0.324049
0.625000     0.019500     0.313447
0.650000     0.019500     0.300852
0.675000     0.019500     0.286465
0.700000     0.019500     0.270495
0.725000     0.019500     0.253160
0.750000     0.019500     0.234674
0.775000     0.019500     0.215241
0.800000     0.019500     0.195052
0.825000     0.019500     0.174278
0.850000     0.019500     0.153068
0.875000     0.019500     0.131547
0.900000     0.019500     0.109814
0.925000     0.019500     0.087948
0.950000     0.019500     0.066003
0.975000     0.019500     0.044017
1.000000     0.019500     0.000000

0.000000     0.020000     0.000000
0.025000     0.020000     0.024322
0.050000     0.020000     0.048576
0.075000     0.020000     0.072694
0.100000     0.020000     0.096597
0.125000     0.020000     0.120199
0.150000     0.020000     0.143402
0.175000     0.020000     0.166092
0.200000     0.020000     0.188141
0.225000     0.020000     0.209405
0.250000     0.020000     0.229723
0.275000     0.020000     0.248920
0.300000     0.020000     0.266812
0.325000     0.020000     0.283207
0.350000     0.020000     0.297913
0.375000     0.020000     0.310742
0.400000     0.020000     0.321520
0.425000     0.020000     0.330092
0.450000     0.020000     0.336333
0.475000     0.020000     0.340147
0.500000     0.020000     0.341479
0.525000     0.020000     0.340315
0.550000     0.020000     0.336682
0.575000     0.020000     0.330652
0.600000     0.020000     0.322332
0.625000     0.020000     0.311867
0.650000     0.020000     0.299426
0.675000     0.020000     0.285203
0.700000     0.020000     0.269402
0.725000     0.020000     0.252234
0.750000     0.020000     0.233908
0.775000     0.020000     0.214624
0.800000     0.020000     0.194570
0.825000     0.020000     0.173915
0.850000     0.020000     0.152804
0.875000     0.020000     0.131363
0.900000     0.020000     0.109694
0.925000     0.020000     0.087874
0.950000     0.020000     0.065961
0.975000     0.020000     0.043996
1.000000     0.020000     0.000000

