20 4 2.88526e-07 3.68038 -0.00522984 
40 7 3.48022e-07 4.08076 -0.00779553 
60 12 8.92512e-07 4.54889 -0.0058371 
80 51 2.01381e-05 39.623 0.0300045 
100 51 nan nan nan 
120 51 nan nan nan 
140 51 nan nan nan 
160 51 nan nan nan 
180 51 nan nan nan 
200 51 nan nan nan 
220 51 nan nan nan 
240 51 nan nan nan 
260 51 nan nan nan 
280 51 nan nan nan 
300 51 nan nan nan 
-2147483648-2147483648-2147483648-2147483648-2147483648-2147483648-2147483648-2147483648-2147483648-2147483648-2147483648-2147483648-2147483648-2147483648-2147483648-2147483648-2147483648-2147483648-2147483648
-2147483648-2147483648-2147483648-2147483648-2147483648-2147483648-2147483648-2147483648-2147483648-2147483648-2147483648-2147483648-2147483648-2147483648-2147483648-2147483648-2147483648-2147483648-2147483648
-2147483648-2147483648-2147483648-2147483648-2147483648-2147483648-2147483648-2147483648-2147483648-2147483648-2147483648-2147483648-2147483648-2147483648-2147483648-2147483648-2147483648-2147483648-2147483648
-2147483648-2147483648-2147483648-2147483648-2147483648-2147483648-2147483648-2147483648-2147483648-2147483648-2147483648-2147483648-2147483648-2147483648-2147483648-2147483648-2147483648-2147483648-2147483648
-2147483648-2147483648-2147483648-2147483648-2147483648-2147483648-2147483648-2147483648-2147483648-2147483648-2147483648-2147483648-2147483648-2147483648-2147483648-2147483648-2147483648-2147483648-2147483648
-2147483648-2147483648-2147483648-2147483648-2147483648-2147483648-2147483648-2147483648-2147483648-2147483648-2147483648-2147483648-2147483648-2147483648-2147483648-2147483648-2147483648-2147483648-2147483648
-2147483648-2147483648-2147483648-2147483648-2147483648-2147483648-2147483648-2147483648-2147483648-2147483648-2147483648-2147483648-2147483648-2147483648-2147483648-2147483648-2147483648-2147483648-2147483648
-2147483648-2147483648-2147483648-2147483648-2147483648-2147483648-2147483648-2147483648-2147483648-2147483648-2147483648-2147483648-2147483648-2147483648-2147483648-2147483648-2147483648-2147483648-2147483648
-2147483648-2147483648-2147483648-2147483648-2147483648-2147483648-2147483648-2147483648-2147483648-2147483648-2147483648-2147483648-2147483648-2147483648-2147483648-2147483648-2147483648-2147483648-2147483648
-2147483648-2147483648-2147483648-2147483648-2147483648-2147483648-2147483648-2147483648-2147483648-2147483648-2147483648-2147483648-2147483648-2147483648-2147483648-2147483648-2147483648-2147483648-2147483648
-2147483648-2147483648-2147483648-2147483648-2147483648-2147483648-2147483648-2147483648-2147483648-2147483648-2147483648-2147483648-2147483648-2147483648-2147483648-2147483648-2147483648-2147483648-2147483648
-2147483648-2147483648-2147483648-2147483648-2147483648-2147483648-2147483648-2147483648-2147483648-2147483648-2147483648-2147483648-2147483648-2147483648-2147483648-2147483648-2147483648-2147483648-2147483648
-2147483648-2147483648-2147483648-2147483648-2147483648-2147483648-2147483648-2147483648-2147483648-2147483648-2147483648-2147483648-2147483648-2147483648-2147483648-2147483648-2147483648-2147483648-2147483648
-2147483648-2147483648-2147483648-2147483648-2147483648-2147483648-2147483648-2147483648-2147483648-2147483648-2147483648-2147483648-2147483648-2147483648-2147483648-2147483648-2147483648-2147483648-2147483648
-2147483648-2147483648-2147483648-2147483648-2147483648-2147483648-2147483648-2147483648-2147483648-2147483648-2147483648-2147483648-2147483648-2147483648-2147483648-2147483648-2147483648-2147483648-2147483648
-2147483648-2147483648-2147483648-2147483648-2147483648-2147483648-2147483648-2147483648-2147483648-2147483648-2147483648-2147483648-2147483648-2147483648-2147483648-2147483648-2147483648-2147483648-2147483648
-2147483648-2147483648-2147483648-2147483648-2147483648-2147483648-2147483648-2147483648-2147483648-2147483648-2147483648-2147483648-2147483648-2147483648-2147483648-2147483648-2147483648-2147483648-2147483648
-2147483648-2147483648-2147483648-2147483648-2147483648-2147483648-2147483648-2147483648-2147483648-2147483648-2147483648-2147483648-2147483648-2147483648-2147483648-2147483648-2147483648-2147483648-2147483648
-2147483648-2147483648-2147483648-2147483648-2147483648-2147483648-2147483648-2147483648-2147483648-2147483648-2147483648-2147483648-2147483648-2147483648-2147483648-2147483648-2147483648-2147483648-2147483648
