0.002000     0.000377     -0.000000
0.003000     0.000565     nan
0.004000     0.000754     nan
0.005000     0.000942     nan
0.006000     0.001130     nan
0.007000     0.001319     nan
0.008000     0.001507     nan
0.009000     0.001695     nan
0.010000     0.001884     nan
0.011000     0.002072     nan
0.012000     0.002260     nan
0.013000     0.002449     nan
0.014000     0.002637     nan
0.015000     0.002825     nan
0.016000     0.003014     nan
0.017000     0.003202     nan
0.018000     0.003390     nan
0.019000     0.003578     nan
0.020000     0.003766     nan
0.021000     0.003954     nan
0.022000     0.004143     nan
0.023000     0.004331     nan
0.024000     0.004519     nan
0.025000     0.004707     nan
0.026000     0.004895     nan
0.027000     0.005083     nan
0.028000     0.005271     nan
0.029000     0.005459     nan
0.030000     0.005647     nan
0.031000     0.005834     nan
0.032000     0.006022     nan
0.033000     0.006210     nan
0.034000     0.006398     nan
0.035000     0.006585     nan
0.036000     0.006773     nan
0.037000     0.006961     nan
0.038000     0.007148     nan
0.039000     0.007336     nan
0.040000     0.007523     nan
0.041000     0.007711     nan
0.042000     0.007898     nan
0.043000     0.008085     nan
0.044000     0.008273     nan
0.045000     0.008460     nan
0.046000     0.008647     nan
0.047000     0.008834     nan
0.048000     0.009021     nan
0.049000     0.009208     nan
0.050000     0.009395     nan
0.051000     0.009582     nan
0.052000     0.009769     nan
0.053000     0.009955     nan
0.054000     0.010142     nan
0.055000     0.010329     nan
0.056000     0.010515     nan
0.057000     0.010702     nan
0.058000     0.010888     nan
0.059000     0.011075     nan
0.060000     0.011261     nan
0.061000     0.011447     nan
0.062000     0.011633     nan
0.063000     0.011819     nan
0.064000     0.012005     nan
0.065000     0.012191     nan
0.066000     0.012377     nan
0.067000     0.012563     nan
0.068000     0.012749     nan
0.069000     0.012934     nan
0.070000     0.013120     nan
0.071000     0.013305     nan
0.072000     0.013491     nan
0.073000     0.013676     nan
0.074000     0.013861     nan
0.075000     0.014046     nan
0.076000     0.014231     nan
0.077000     0.014416     nan
0.078000     0.014601     nan
0.079000     0.014786     nan
0.080000     0.014970     nan
0.081000     0.015155     nan
0.082000     0.015339     nan
0.083000     0.015524     nan
0.084000     0.015708     nan
0.085000     0.015892     nan
0.086000     0.016076     nan
0.087000     0.016260     nan
0.088000     0.016444     nan
0.089000     0.016628     nan
0.090000     0.016811     nan
0.091000     0.016995     nan
0.092000     0.017178     nan
0.093000     0.017361     nan
0.094000     0.017545     nan
0.095000     0.017728     nan
0.096000     0.017911     nan
0.097000     0.018094     nan
0.098000     0.018276     nan
0.099000     0.018459     nan
0.100000     0.018642     nan
0.101000     0.018824     nan
0.102000     0.019006     nan
0.103000     0.019188     nan
0.104000     0.019370     nan
0.105000     0.019552     nan
0.106000     0.019734     nan
0.107000     0.019916     nan
0.108000     0.020097     nan
0.109000     0.020279     nan
0.110000     0.020460     nan
0.111000     0.020641     nan
0.112000     0.020822     nan
0.113000     0.021003     nan
0.114000     0.021184     nan
0.115000     0.021364     nan
0.116000     0.021545     nan
0.117000     0.021725     nan
0.118000     0.021905     nan
0.119000     0.022085     nan
0.120000     0.022265     nan
0.121000     0.022445     nan
0.122000     0.022625     nan
0.123000     0.022804     nan
0.124000     0.022984     nan
0.125000     0.023163     nan
0.126000     0.023342     nan
0.127000     0.023521     nan
0.128000     0.023700     nan
0.129000     0.023878     nan
0.130000     0.024057     nan
0.131000     0.024235     nan
0.132000     0.024413     nan
0.133000     0.024591     nan
0.134000     0.024769     nan
0.135000     0.024946     nan
0.136000     0.025124     nan
0.137000     0.025301     nan
0.138000     0.025478     nan
0.139000     0.025656     nan
0.140000     0.025832     nan
0.141000     0.026009     nan
0.142000     0.026186     nan
0.143000     0.026362     nan
0.144000     0.026538     nan
0.145000     0.026714     nan
0.146000     0.026890     nan
0.147000     0.027066     nan
0.148000     0.027241     nan
0.149000     0.027416     nan
0.150000     0.027592     nan
0.151000     0.027767     nan
0.152000     0.027941     nan
0.153000     0.028116     nan
0.154000     0.028290     nan
0.155000     0.028465     nan
0.156000     0.028639     nan
0.157000     0.028812     nan
0.158000     0.028986     nan
0.159000     0.029160     nan
0.160000     0.029333     nan
0.161000     0.029506     nan
0.162000     0.029679     nan
0.163000     0.029852     nan
0.164000     0.030024     nan
0.165000     0.030197     nan
0.166000     0.030369     nan
0.167000     0.030541     nan
0.168000     0.030713     nan
0.169000     0.030884     nan
0.170000     0.031055     nan
0.171000     0.031227     nan
0.172000     0.031398     nan
0.173000     0.031568     nan
0.174000     0.031739     nan
0.175000     0.031909     nan
0.176000     0.032079     nan
0.177000     0.032249     nan
0.178000     0.032419     nan
0.179000     0.032589     nan
0.180000     0.032758     nan
0.181000     0.032927     nan
0.182000     0.033096     nan
0.183000     0.033264     nan
0.184000     0.033433     nan
0.185000     0.033601     nan
0.186000     0.033769     nan
0.187000     0.033937     nan
0.188000     0.034105     nan
0.189000     0.034272     nan
0.190000     0.034439     nan
0.191000     0.034606     nan
0.192000     0.034773     nan
0.193000     0.034939     nan
0.194000     0.035105     nan
0.195000     0.035271     nan
0.196000     0.035437     nan
0.197000     0.035602     nan
0.198000     0.035768     nan
0.199000     0.035933     nan
0.200000     0.036098     nan
0.201000     0.036262     nan
0.202000     0.036427     nan
0.203000     0.036591     nan
0.204000     0.036755     nan
0.205000     0.036918     nan
0.206000     0.037082     nan
0.207000     0.037245     nan
0.208000     0.037408     nan
0.209000     0.037570     nan
0.210000     0.037733     nan
0.211000     0.037895     nan
0.212000     0.038057     nan
0.213000     0.038218     nan
0.214000     0.038380     nan
0.215000     0.038541     nan
0.216000     0.038702     nan
0.217000     0.038863     nan
0.218000     0.039023     nan
0.219000     0.039183     nan
0.220000     0.039343     nan
0.221000     0.039503     nan
0.222000     0.039662     nan
0.223000     0.039821     nan
0.224000     0.039980     nan
0.225000     0.040139     nan
0.226000     0.040297     nan
0.227000     0.040455     nan
0.228000     0.040613     nan
0.229000     0.040770     nan
0.230000     0.040927     nan
0.231000     0.041084     nan
0.232000     0.041241     nan
0.233000     0.041397     nan
0.234000     0.041554     nan
0.235000     0.041709     nan
0.236000     0.041865     nan
0.237000     0.042020     nan
0.238000     0.042175     nan
0.239000     0.042330     nan
0.240000     0.042485     nan
0.241000     0.042639     nan
0.242000     0.042793     nan
0.243000     0.042946     nan
0.244000     0.043100     nan
0.245000     0.043253     nan
0.246000     0.043406     nan
0.247000     0.043558     nan
0.248000     0.043710     nan
0.249000     0.043862     nan
0.250000     0.044014     nan
0.251000     0.044165     nan
0.252000     0.044316     nan
0.253000     0.044467     nan
0.254000     0.044617     nan
0.255000     0.044767     nan
0.256000     0.044917     nan
0.257000     0.045067     nan
0.258000     0.045216     nan
0.259000     0.045365     nan
0.260000     0.045513     nan
0.261000     0.045662     nan
0.262000     0.045810     nan
0.263000     0.045957     nan
0.264000     0.046105     nan
0.265000     0.046252     nan
0.266000     0.046398     nan
0.267000     0.046545     nan
0.268000     0.046691     nan
0.269000     0.046837     nan
0.270000     0.046982     nan
0.271000     0.047128     nan
0.272000     0.047272     nan
0.273000     0.047417     nan
0.274000     0.047561     nan
0.275000     0.047705     nan
0.276000     0.047849     nan
0.277000     0.047992     nan
0.278000     0.048135     nan
0.279000     0.048277     nan
0.280000     0.048420     nan
0.281000     0.048562     nan
0.282000     0.048703     nan
0.283000     0.048845     nan
0.284000     0.048986     nan
0.285000     0.049126     nan
0.286000     0.049266     nan
0.287000     0.049406     nan
0.288000     0.049546     nan
0.289000     0.049685     nan
0.290000     0.049824     nan
0.291000     0.049963     nan
0.292000     0.050101     nan
0.293000     0.050239     nan
0.294000     0.050377     nan
0.295000     0.050514     nan
0.296000     0.050651     nan
0.297000     0.050787     nan
0.298000     0.050923     nan
0.299000     0.051059     nan
0.300000     0.051195     nan
0.301000     0.051330     nan
0.302000     0.051465     nan
0.303000     0.051599     nan
0.304000     0.051733     nan
0.305000     0.051867     nan
0.306000     0.052000     nan
0.307000     0.052133     nan
0.308000     0.052266     nan
0.309000     0.052398     nan
0.310000     0.052530     nan
0.311000     0.052662     nan
0.312000     0.052793     nan
0.313000     0.052924     nan
0.314000     0.053054     nan
0.315000     0.053184     nan
0.316000     0.053314     nan
0.317000     0.053443     nan
0.318000     0.053572     nan
0.319000     0.053701     nan
0.320000     0.053829     nan
0.321000     0.053957     nan
0.322000     0.054085     nan
0.323000     0.054212     nan
0.324000     0.054339     nan
0.325000     0.054465     nan
0.326000     0.054591     nan
0.327000     0.054717     nan
0.328000     0.054842     nan
0.329000     0.054967     nan
0.330000     0.055091     nan
0.331000     0.055215     nan
0.332000     0.055339     nan
0.333000     0.055462     nan
0.334000     0.055585     nan
0.335000     0.055708     nan
0.336000     0.055830     nan
0.337000     0.055952     nan
0.338000     0.056073     nan
0.339000     0.056194     nan
0.340000     0.056314     nan
0.341000     0.056435     nan
0.342000     0.056554     nan
0.343000     0.056674     nan
0.344000     0.056793     nan
0.345000     0.056911     nan
0.346000     0.057029     nan
0.347000     0.057147     nan
0.348000     0.057265     nan
0.349000     0.057382     nan
0.350000     0.057498     nan
0.351000     0.057614     nan
0.352000     0.057730     nan
0.353000     0.057845     nan
0.354000     0.057960     nan
0.355000     0.058075     nan
0.356000     0.058189     nan
0.357000     0.058302     nan
0.358000     0.058416     nan
0.359000     0.058529     nan
0.360000     0.058641     nan
0.361000     0.058753     nan
0.362000     0.058865     nan
0.363000     0.058976     nan
0.364000     0.059086     nan
0.365000     0.059197     nan
0.366000     0.059307     nan
0.367000     0.059416     nan
0.368000     0.059525     nan
0.369000     0.059634     nan
0.370000     0.059742     nan
0.371000     0.059850     nan
0.372000     0.059957     nan
0.373000     0.060064     nan
0.374000     0.060170     nan
0.375000     0.060276     nan
0.376000     0.060382     nan
0.377000     0.060487     nan
0.378000     0.060592     nan
0.379000     0.060696     nan
0.380000     0.060800     nan
0.381000     0.060903     nan
0.382000     0.061006     nan
0.383000     0.061109     nan
0.384000     0.061211     nan
0.385000     0.061313     nan
0.386000     0.061414     nan
0.387000     0.061515     nan
0.388000     0.061615     nan
0.389000     0.061715     nan
0.390000     0.061814     nan
0.391000     0.061913     nan
0.392000     0.062011     nan
0.393000     0.062109     nan
0.394000     0.062207     nan
0.395000     0.062304     nan
0.396000     0.062401     nan
0.397000     0.062497     nan
0.398000     0.062593     nan
0.399000     0.062688     nan
0.400000     0.062783     nan
0.401000     0.062877     nan
0.402000     0.062971     nan
0.403000     0.063065     nan
0.404000     0.063157     nan
0.405000     0.063250     nan
0.406000     0.063342     nan
0.407000     0.063434     nan
0.408000     0.063525     nan
0.409000     0.063615     nan
0.410000     0.063705     nan
0.411000     0.063795     nan
0.412000     0.063884     nan
0.413000     0.063973     nan
0.414000     0.064061     nan
0.415000     0.064149     nan
0.416000     0.064236     nan
0.417000     0.064323     nan
0.418000     0.064409     nan
0.419000     0.064495     nan
0.420000     0.064581     nan
0.421000     0.064665     nan
0.422000     0.064750     nan
0.423000     0.064834     nan
0.424000     0.064917     nan
0.425000     0.065000     nan
0.426000     0.065082     nan
0.427000     0.065164     nan
0.428000     0.065246     nan
0.429000     0.065327     nan
0.430000     0.065407     nan
0.431000     0.065487     nan
0.432000     0.065567     nan
0.433000     0.065646     nan
0.434000     0.065724     nan
0.435000     0.065802     nan
0.436000     0.065880     nan
0.437000     0.065956     nan
0.438000     0.066033     nan
0.439000     0.066109     nan
0.440000     0.066184     nan
0.441000     0.066259     nan
0.442000     0.066334     nan
0.443000     0.066408     nan
0.444000     0.066481     nan
0.445000     0.066554     nan
0.446000     0.066626     nan
0.447000     0.066698     nan
0.448000     0.066770     nan
0.449000     0.066841     nan
0.450000     0.066911     nan
0.451000     0.066981     nan
0.452000     0.067050     nan
0.453000     0.067119     nan
0.454000     0.067187     nan
0.455000     0.067255     nan
0.456000     0.067322     nan
0.457000     0.067389     nan
0.458000     0.067455     nan
0.459000     0.067521     nan
0.460000     0.067586     nan
0.461000     0.067650     nan
0.462000     0.067714     nan
0.463000     0.067778     nan
0.464000     0.067841     nan
0.465000     0.067903     nan
0.466000     0.067965     nan
0.467000     0.068027     nan
0.468000     0.068088     nan
0.469000     0.068148     nan
0.470000     0.068208     nan
0.471000     0.068267     nan
0.472000     0.068326     nan
0.473000     0.068384     nan
0.474000     0.068442     nan
0.475000     0.068499     nan
0.476000     0.068555     nan
0.477000     0.068611     nan
0.478000     0.068667     nan
0.479000     0.068722     nan
0.480000     0.068776     nan
0.481000     0.068830     nan
0.482000     0.068883     nan
0.483000     0.068936     nan
0.484000     0.068988     nan
0.485000     0.069040     nan
0.486000     0.069091     nan
0.487000     0.069141     nan
0.488000     0.069191     nan
0.489000     0.069241     nan
0.490000     0.069290     nan
0.491000     0.069338     nan
0.492000     0.069386     nan
0.493000     0.069433     nan
0.494000     0.069479     nan
0.495000     0.069525     nan
0.496000     0.069571     nan
0.497000     0.069616     nan
0.498000     0.069660     nan
0.499000     0.069704     nan
0.500000     0.069747     nan
0.501000     0.069790     nan
0.502000     0.069832     nan
0.503000     0.069873     nan
0.504000     0.069914     nan
0.505000     0.069954     nan
0.506000     0.069994     nan
0.507000     0.070033     nan
0.508000     0.070072     nan
0.509000     0.070110     nan
0.510000     0.070147     nan
0.511000     0.070184     nan
0.512000     0.070221     nan
0.513000     0.070256     nan
0.514000     0.070291     nan
0.515000     0.070326     nan
0.516000     0.070360     nan
0.517000     0.070393     nan
0.518000     0.070426     nan
0.519000     0.070458     nan
0.520000     0.070490     nan
0.521000     0.070521     nan
0.522000     0.070551     nan
0.523000     0.070581     nan
0.524000     0.070610     nan
0.525000     0.070639     nan
0.526000     0.070667     nan
0.527000     0.070695     nan
0.528000     0.070721     nan
0.529000     0.070748     nan
0.530000     0.070773     nan
0.531000     0.070798     nan
0.532000     0.070823     nan
0.533000     0.070847     nan
0.534000     0.070870     nan
0.535000     0.070893     nan
0.536000     0.070915     nan
0.537000     0.070936     nan
0.538000     0.070957     nan
0.539000     0.070977     nan
0.540000     0.070997     nan
0.541000     0.071016     nan
0.542000     0.071034     nan
0.543000     0.071052     nan
0.544000     0.071069     nan
0.545000     0.071086     nan
0.546000     0.071101     nan
0.547000     0.071117     nan
0.548000     0.071131     nan
0.549000     0.071145     nan
0.550000     0.071159     nan
0.551000     0.071172     nan
0.552000     0.071184     nan
0.553000     0.071196     nan
0.554000     0.071207     nan
0.555000     0.071217     nan
0.556000     0.071227     nan
0.557000     0.071236     nan
0.558000     0.071244     nan
0.559000     0.071252     nan
0.560000     0.071259     nan
0.561000     0.071266     nan
0.562000     0.071272     nan
0.563000     0.071277     nan
0.564000     0.071282     nan
0.565000     0.071286     nan
0.566000     0.071289     nan
0.567000     0.071292     nan
0.568000     0.071294     nan
0.569000     0.071295     nan
0.570000     0.071296     nan
0.571000     0.071296     nan
0.572000     0.071296     nan
0.573000     0.071295     nan
0.574000     0.071293     nan
0.575000     0.071291     nan
0.576000     0.071288     nan
0.577000     0.071284     nan
0.578000     0.071280     nan
0.579000     0.071275     nan
0.580000     0.071269     nan
0.581000     0.071263     nan
0.582000     0.071256     nan
0.583000     0.071248     nan
0.584000     0.071240     nan
0.585000     0.071231     nan
0.586000     0.071221     nan
0.587000     0.071211     nan
0.588000     0.071200     nan
0.589000     0.071189     nan
0.590000     0.071177     nan
0.591000     0.071164     nan
0.592000     0.071150     nan
0.593000     0.071136     nan
0.594000     0.071121     nan
0.595000     0.071106     nan
0.596000     0.071090     nan
0.597000     0.071073     nan
0.598000     0.071055     nan
0.599000     0.071037     nan
0.600000     0.071018     nan
0.601000     0.070999     nan
0.602000     0.070979     nan
0.603000     0.070958     nan
0.604000     0.070936     nan
0.605000     0.070914     nan
0.606000     0.070891     nan
0.607000     0.070868     nan
0.608000     0.070843     nan
0.609000     0.070818     nan
0.610000     0.070793     nan
0.611000     0.070767     nan
0.612000     0.070740     nan
0.613000     0.070712     nan
0.614000     0.070684     nan
0.615000     0.070655     nan
0.616000     0.070625     nan
0.617000     0.070595     nan
0.618000     0.070564     nan
0.619000     0.070532     nan
0.620000     0.070499     nan
0.621000     0.070466     nan
0.622000     0.070432     nan
0.623000     0.070398     nan
0.624000     0.070363     nan
0.625000     0.070327     nan
0.626000     0.070290     nan
0.627000     0.070253     nan
0.628000     0.070215     nan
0.629000     0.070176     nan
0.630000     0.070137     nan
0.631000     0.070097     nan
0.632000     0.070056     nan
0.633000     0.070014     nan
0.634000     0.069972     nan
0.635000     0.069929     nan
0.636000     0.069886     nan
0.637000     0.069841     nan
0.638000     0.069796     nan
0.639000     0.069751     nan
0.640000     0.069704     nan
0.641000     0.069657     nan
0.642000     0.069609     nan
0.643000     0.069561     nan
0.644000     0.069511     nan
0.645000     0.069461     nan
0.646000     0.069411     nan
0.647000     0.069359     nan
0.648000     0.069307     nan
0.649000     0.069254     nan
0.650000     0.069201     nan
0.651000     0.069146     nan
0.652000     0.069091     nan
0.653000     0.069036     nan
0.654000     0.068979     nan
0.655000     0.068922     nan
0.656000     0.068864     nan
0.657000     0.068805     nan
0.658000     0.068746     nan
0.659000     0.068686     nan
0.660000     0.068625     nan
0.661000     0.068564     nan
0.662000     0.068501     nan
0.663000     0.068438     nan
0.664000     0.068375     nan
0.665000     0.068310     nan
0.666000     0.068245     nan
0.667000     0.068179     nan
0.668000     0.068112     nan
0.669000     0.068045     nan
0.670000     0.067977     nan
0.671000     0.067908     nan
0.672000     0.067838     nan
0.673000     0.067768     nan
0.674000     0.067697     nan
0.675000     0.067625     nan
0.676000     0.067552     nan
0.677000     0.067479     nan
0.678000     0.067405     nan
0.679000     0.067330     nan
0.680000     0.067255     nan
0.681000     0.067178     nan
0.682000     0.067101     nan
0.683000     0.067023     nan
0.684000     0.066945     nan
0.685000     0.066866     nan
0.686000     0.066785     nan
0.687000     0.066705     nan
0.688000     0.066623     nan
0.689000     0.066541     nan
0.690000     0.066458     nan
0.691000     0.066374     nan
0.692000     0.066289     nan
0.693000     0.066204     nan
0.694000     0.066118     nan
0.695000     0.066031     nan
0.696000     0.065943     nan
0.697000     0.065855     nan
0.698000     0.065766     nan
0.699000     0.065676     nan
0.700000     0.065585     nan
0.701000     0.065494     nan
0.702000     0.065401     nan
0.703000     0.065309     nan
0.704000     0.065215     nan
0.705000     0.065120     nan
0.706000     0.065025     nan
0.707000     0.064929     nan
0.708000     0.064832     nan
0.709000     0.064734     nan
0.710000     0.064636     nan
0.711000     0.064537     nan
0.712000     0.064437     nan
0.713000     0.064336     nan
0.714000     0.064235     nan
0.715000     0.064133     nan
0.716000     0.064029     nan
0.717000     0.063926     nan
0.718000     0.063821     nan
0.719000     0.063716     nan
0.720000     0.063610     nan
0.721000     0.063503     nan
0.722000     0.063395     nan
0.723000     0.063286     nan
0.724000     0.063177     nan
0.725000     0.063067     nan
0.726000     0.062956     nan
0.727000     0.062844     nan
0.728000     0.062732     nan
0.729000     0.062619     nan
0.730000     0.062505     nan
0.731000     0.062390     nan
0.732000     0.062274     nan
0.733000     0.062158     nan
0.734000     0.062041     nan
0.735000     0.061922     nan
0.736000     0.061804     nan
0.737000     0.061684     nan
0.738000     0.061564     nan
0.739000     0.061442     nan
0.740000     0.061320     nan
0.741000     0.061198     nan
0.742000     0.061074     nan
0.743000     0.060950     nan
0.744000     0.060824     nan
0.745000     0.060698     nan
0.746000     0.060572     nan
0.747000     0.060444     nan
0.748000     0.060315     nan
0.749000     0.060186     nan
0.750000     0.060056     nan
0.751000     0.059925     nan
0.752000     0.059794     nan
0.753000     0.059661     nan
0.754000     0.059528     nan
0.755000     0.059394     nan
0.756000     0.059259     nan
0.757000     0.059123     nan
0.758000     0.058986     nan
0.759000     0.058849     nan
0.760000     0.058711     nan
0.761000     0.058572     nan
0.762000     0.058432     nan
0.763000     0.058291     nan
0.764000     0.058150     nan
0.765000     0.058008     nan
0.766000     0.057864     nan
0.767000     0.057721     nan
0.768000     0.057576     nan
0.769000     0.057430     nan
0.770000     0.057284     nan
0.771000     0.057136     nan
0.772000     0.056988     nan
0.773000     0.056839     nan
0.774000     0.056690     nan
0.775000     0.056539     nan
0.776000     0.056388     nan
0.777000     0.056236     nan
0.778000     0.056082     nan
0.779000     0.055929     nan
0.780000     0.055774     nan
0.781000     0.055618     nan
0.782000     0.055462     nan
0.783000     0.055305     nan
0.784000     0.055147     nan
0.785000     0.054988     nan
0.786000     0.054828     nan
0.787000     0.054667     nan
0.788000     0.054506     nan
0.789000     0.054343     nan
0.790000     0.054180     nan
0.791000     0.054016     nan
0.792000     0.053852     nan
0.793000     0.053686     nan
0.794000     0.053519     nan
0.795000     0.053352     nan
0.796000     0.053184     nan
0.797000     0.053015     nan
0.798000     0.052845     nan
0.799000     0.052674     nan
0.800000     0.052502     nan
0.801000     0.052330     nan
0.802000     0.052157     nan
0.803000     0.051983     nan
0.804000     0.051807     nan
0.805000     0.051632     nan
0.806000     0.051455     nan
0.807000     0.051277     nan
0.808000     0.051099     nan
0.809000     0.050920     nan
0.810000     0.050739     nan
0.811000     0.050558     nan
0.812000     0.050376     nan
0.813000     0.050194     nan
0.814000     0.050010     nan
0.815000     0.049826     nan
0.816000     0.049640     nan
0.817000     0.049454     nan
0.818000     0.049267     nan
0.819000     0.049079     nan
0.820000     0.048890     nan
0.821000     0.048700     nan
0.822000     0.048510     nan
0.823000     0.048318     nan
0.824000     0.048126     nan
0.825000     0.047933     nan
0.826000     0.047739     nan
0.827000     0.047544     nan
0.828000     0.047348     nan
0.829000     0.047152     nan
0.830000     0.046954     nan
0.831000     0.046756     nan
0.832000     0.046556     nan
0.833000     0.046356     nan
0.834000     0.046155     nan
0.835000     0.045953     nan
0.836000     0.045750     nan
0.837000     0.045547     nan
0.838000     0.045342     nan
0.839000     0.045137     nan
0.840000     0.044930     nan
0.841000     0.044723     nan
0.842000     0.044515     nan
0.843000     0.044306     nan
0.844000     0.044096     nan
0.845000     0.043885     nan
0.846000     0.043674     nan
0.847000     0.043461     nan
0.848000     0.043248     nan
0.849000     0.043033     nan
0.850000     0.042818     nan
0.851000     0.042602     nan
0.852000     0.042385     nan
0.853000     0.042167     nan
0.854000     0.041948     nan
0.855000     0.041728     nan
0.856000     0.041508     nan
0.857000     0.041286     nan
0.858000     0.041064     nan
0.859000     0.040841     nan
0.860000     0.040616     nan
0.861000     0.040391     nan
0.862000     0.040165     nan
0.863000     0.039938     nan
0.864000     0.039711     nan
0.865000     0.039482     nan
0.866000     0.039252     nan
0.867000     0.039022     nan
0.868000     0.038790     nan
0.869000     0.038558     nan
0.870000     0.038325     nan
0.871000     0.038091     nan
0.872000     0.037856     nan
0.873000     0.037620     nan
0.874000     0.037383     nan
0.875000     0.037145     nan
0.876000     0.036906     nan
0.877000     0.036667     nan
0.878000     0.036426     nan
0.879000     0.036185     nan
0.880000     0.035942     nan
0.881000     0.035699     nan
0.882000     0.035455     nan
0.883000     0.035210     nan
0.884000     0.034964     nan
0.885000     0.034717     nan
0.886000     0.034469     nan
0.887000     0.034220     nan
0.888000     0.033970     nan
0.889000     0.033720     nan
0.890000     0.033468     nan
0.891000     0.033216     nan
0.892000     0.032962     nan
0.893000     0.032708     nan
0.894000     0.032453     nan
0.895000     0.032197     nan
0.896000     0.031940     nan
0.897000     0.031682     nan
0.898000     0.031423     nan
0.899000     0.031163     nan
0.900000     0.030902     nan
0.901000     0.030640     nan
0.902000     0.030377     nan
0.903000     0.030114     nan
0.904000     0.029849     nan
0.905000     0.029584     nan
0.906000     0.029317     nan
0.907000     0.029050     nan
0.908000     0.028782     nan
0.909000     0.028513     nan
0.910000     0.028242     nan
0.911000     0.027971     nan
0.912000     0.027699     nan
0.913000     0.027426     nan
0.914000     0.027152     nan
0.915000     0.026877     nan
0.916000     0.026602     nan
0.917000     0.026325     nan
0.918000     0.026047     nan
0.919000     0.025769     nan
0.920000     0.025489     nan
0.921000     0.025209     nan
0.922000     0.024927     nan
0.923000     0.024645     nan
0.924000     0.024361     nan
0.925000     0.024077     nan
0.926000     0.023792     nan
0.927000     0.023506     nan
0.928000     0.023218     nan
0.929000     0.022930     nan
0.930000     0.022641     nan
0.931000     0.022351     nan
0.932000     0.022060     nan
0.933000     0.021768     nan
0.934000     0.021475     nan
0.935000     0.021182     nan
0.936000     0.020887     nan
0.937000     0.020591     nan
0.938000     0.020294     nan
0.939000     0.019997     nan
0.940000     0.019698     nan
0.941000     0.019399     nan
0.942000     0.019098     nan
0.943000     0.018796     nan
0.944000     0.018494     nan
0.945000     0.018191     nan
0.946000     0.017886     nan
0.947000     0.017581     nan
0.948000     0.017275     nan
0.949000     0.016967     nan
0.950000     0.016659     nan
0.951000     0.016350     nan
0.952000     0.016040     nan
0.953000     0.015728     nan
0.954000     0.015416     nan
0.955000     0.015103     nan
0.956000     0.014789     nan
0.957000     0.014474     nan
0.958000     0.014158     nan
0.959000     0.013841     nan
0.960000     0.013523     nan
0.961000     0.013204     nan
0.962000     0.012884     nan
0.963000     0.012564     nan
0.964000     0.012242     nan
0.965000     0.011919     nan
0.966000     0.011595     nan
0.967000     0.011270     nan
0.968000     0.010945     nan
0.969000     0.010618     nan
0.970000     0.010290     nan
0.971000     0.009961     nan
0.972000     0.009632     nan
0.973000     0.009301     nan
0.974000     0.008969     nan
0.975000     0.008637     nan
0.976000     0.008303     nan
0.977000     0.007969     nan
0.978000     0.007633     nan
0.979000     0.007297     nan
0.980000     0.006959     nan
0.981000     0.006620     nan
0.982000     0.006281     nan
0.983000     0.005940     nan
0.984000     0.005599     nan
0.985000     0.005256     nan
0.986000     0.004913     nan
0.987000     0.004569     nan
0.988000     0.004223     nan
0.989000     0.003877     nan
0.990000     0.003529     nan
0.991000     0.003181     nan
0.992000     0.002831     nan
0.993000     0.002481     nan
0.994000     0.002129     nan
0.995000     0.001777     nan
0.996000     0.001424     nan
0.997000     0.001069     nan
0.998000     0.000714     nan
0.999000     0.000357     nan
1.000000     0.000000     nan
